array1	array10	array12	array24	array26	array14	array17	array19	array38	array41	array4	array8	array13	array15	array18	array9	array42	array82	array95	array128
10.852154642312016	9.819633843625317	9.652689143663764	10.670269486581937	10.627734176925765	9.364148353493835	8.780053616697979	8.121160452417962	8.30266452453161	8.642099667292305	9.486996634401427	10.042716707895519	9.798716141106887	9.566564484053147	9.389465950842371	9.943768485693006	9.373784106607342	9.73005953545121	9.572932652790808	9.173070407336276
6.343502083276194	6.261316803744847	6.320423004831122	6.703762475985615	5.739438452860296	5.771360354834586	5.311253206144009	5.11116359374809	4.879660360102312	5.2041750535292275	6.542216541831503	6.749264482349825	5.66453105435592	5.877071085795491	6.100908233811801	6.322923748098864	5.679452811841992	6.8197506232877885	6.683694886508384	5.816749589452818
7.709461732586111	7.224817565806582	6.883414107766276	7.713284915068343	7.694341320085991	4.8392170371248495	5.076287945446646	4.6041372835238485	5.075928607404363	5.031896507978614	11.371926808922998	11.43817347746013	11.09023259231406	11.536344316170048	11.45422457311939	7.196476071059077	6.632971835947723	7.369761355042823	7.53585654576695	6.647325248991587
5.996632953462958	5.759884519239197	3.854499462044486	5.6704750272728415	4.551774480008476	3.616439807721104	2.711195027660145	4.0534484748383575	4.46976627355367	4.389479422221827	5.0989062603750614	4.77667114613488	3.895216268768699	4.025930908233446	4.430325620894589	6.771709858689432	5.881791672737773	7.415568445542577	6.669326382766145	6.33153623001958
6.413612552329354	5.561989105274643	6.062748441677738	6.261410643380167	6.046126093312367	5.42076228711353	4.607772798731299	4.298060981349761	4.926117617601667	5.272578411764521	5.60323848255662	6.187345582773994	6.461167065174052	6.104752619972596	6.646017675398506	5.939289103003701	5.650913252242303	6.8456089438466	6.04906315429697	6.084745656580893
7.734074827488972	6.951435931492015	6.712826331741263	7.509383341282019	7.247205443057869	6.552147990957836	5.349647224365923	5.250858224149777	5.857460726957192	5.672904822731606	7.41959315688321	7.301584880755967	7.094640413109327	7.427763693883318	7.221577283632363	7.561256776865982	6.864124742634323	8.260926934594174	7.327325096574711	6.49304102108944
6.638553728498333	5.995067893674208	5.940830041554039	6.9444935270162444	6.998545863238153	5.734639355774017	5.372153522395386	4.5095712812387845	5.50942987609486	4.983388722566172	6.3154130930577255	6.088083528167455	5.709417566562207	6.323941920111194	6.96636179873639	6.710624620751278	6.375822144528405	7.558299695030697	7.385926805014825	7.129578184502235
7.2496358635754445	7.13691490799616	6.8999757181692605	7.466259308238637	7.155308733042399	5.850316612120663	6.353493559994619	5.3949876917558415	5.448087883680866	6.460053298230047	6.787493111227807	7.3968418195070536	6.797331796953135	6.909553693886138	7.421551939054473	7.2110444523919695	6.472637487675254	7.053213918858075	7.342394876946573	6.280868392861656
6.012266587207939	5.546728331023669	5.854417352092153	6.528102344446327	6.399148370343867	5.547339758802392	4.595955344144741	3.94320135699226	4.994471477132175	4.5950998103675245	5.816712373117449	5.843410133879868	5.869325117299622	6.361053477442706	5.358481181266664	6.007415052244073	4.862421425796383	6.157382380910705	6.217829082609611	5.985782610162431
4.4513025745536146	3.2419029360277585	3.341440362794433	4.345202789649819	3.91302713225303	1.8475815196421423	2.626315560498959	2.2377778720072925	3.316200517992009	2.7034206785271233	2.1233230452785987	3.105219882681479	2.331295021783177	2.0261845860140073	2.4194370302663932	3.546601537734683	3.2815552366446625	4.032303771129055	4.35419779913393	2.715426068593954
4.853062399143309	4.597908568172705	4.855269587617046	5.76457876578738	5.636866191309306	4.52771501933345	4.650137598674238	4.4658267187165706	4.5767001613702805	3.880061196837807	4.966483029453371	4.325688543072177	5.341531263477193	5.252274695845933	5.4253006150346	5.089877181443015	4.239553626809158	5.391313565315386	5.2070892386339205	4.4971320685023155
6.533313458888476	6.1589049978183334	5.190838620730117	6.1196066595893	5.7660260602303	5.005629921223032	5.35068500464203	5.20485961792469	4.593343391705339	5.086543282796014	6.109482702977597	5.814771800555052	6.045749995341597	6.042503757381423	6.046473402005723	5.622248047542291	5.7362831482056205	6.518996058612201	5.232954876382492	5.163803239043637
5.3426027100633675	4.675082271991714	4.238769954063899	4.7672805449796325	5.010659515553521	4.524965404025694	4.325702568142319	3.327346956085622	3.705571694290234	4.25129182159821	4.126167547514889	5.387480895721334	4.412009529312567	4.14848856134592	4.917325602959799	4.952896053398694	3.9181058945491825	6.079361855691829	4.363187212086436	5.636625740040623
9.022569654935376	7.586680520216474	7.980499982009405	8.516586926535902	8.31635992511423	7.637329853768814	7.372897049230627	6.897142069365889	7.070385178509206	6.984514016295844	8.254370754589619	8.293683087483409	8.2980563228885	8.105942844406433	8.264045437344747	8.4221868089185	8.19871454622862	8.750529205171045	8.265335237301114	8.058247278409189
6.349115755994963	6.339863187557407	5.73160709584422	6.186884356155224	6.526031566638452	5.9567107465079205	4.885817262694286	5.018112988255589	5.001218267635088	5.5678661295150675	5.6154878964056225	5.792721942663805	6.249683036430591	6.309159798479682	5.344819892254626	6.000257034955389	6.076668610701775	6.492418837839493	6.036784453788274	6.124157402617893
7.393461915303717	7.067862916175419	7.143931134378136	7.536157356736215	8.208825963072147	9.130671058784845	8.729994480739574	8.49311353042673	8.830965770517198	8.271228523178765	7.5881604512897	7.571515124149664	7.577484459880422	7.74007051311369	7.689204034160854	7.480130408618532	7.213107620659649	7.905819381720689	7.276721195826051	7.153050186032857
8.171783479994007	7.530203773487118	6.8265946251986644	8.245366940592715	7.695920486068005	6.895009259878568	6.686216879928073	6.504675772054611	6.657280284677812	6.284811029009616	7.272920776150957	7.353710122296532	6.906776074423685	7.2871797177157385	6.763794925841594	7.565704144175373	7.164622751998382	8.35815748278695	8.224784342941689	7.198681609275654
5.160989861189124	5.779646901170129	5.708119552799704	5.606511851440434	5.715917651332947	5.005440748002454	5.341337646668226	3.3018198382140533	4.113910753862386	4.953073402290617	5.552346519260418	5.35083314620964	5.14435754047705	6.204839064656492	5.1007223274214235	5.153867299692897	6.386258881664389	5.837751080958613	5.8657852850752965	4.84885987218733
5.587720750674438	5.718157925213169	4.884256792997058	5.488894422608477	4.937987592863551	5.21204053793925	5.135645058183137	5.145194564974868	3.8140044990040582	4.350376066245621	6.553194700522864	7.335473693272164	6.300036253968482	6.975393449382851	6.777789020124868	5.569029790499616	4.832055209199685	6.554563104090182	5.706507662905321	5.229705006168276
8.74341051995805	8.174674778215596	7.735758609064432	8.240123807179872	7.978645136802884	7.5599249519851845	7.160022376694357	6.748184459060401	6.4701411564555515	6.916025234151024	13.31548180904312	13.140948339920445	12.485842211747679	13.12899471412626	12.890472426395478	7.430412317767829	7.770970226271792	8.553795320222836	8.360427174475433	8.222685297734497
6.885493696202782	4.870022540232492	5.362615413747514	5.751960093985789	5.354802903283476	2.8295703461702044	2.7512604241612575	1.4043750572189162	2.4603492866114673	3.9587737626980313	3.0957788899923466	3.310666415201904	3.1484512227121493	4.4491279272778685	3.2481936563186427	4.1821454075507685	3.0440175263494806	3.226668855981257	2.861417289999595	3.1154028618298995
4.78170122746069	3.8376316748323904	4.291839225594107	4.651769463322542	4.812260076758674	2.465440484935046	3.780487843783204	3.081958756519575	2.5842215799770547	2.490764058358995	4.287026177083918	3.7458966718369777	3.513376934963912	4.46939048565274	3.8785670120360543	4.414723186477237	4.139229037627176	4.638586727701233	3.849021902501141	4.598840896499775
6.42181718419285	5.5498088633141744	4.791247986337894	6.357290335268208	5.996629587259258	3.3300229502536935	4.146340931722402	3.0135705163612996	3.123083051736385	2.412102382758289	3.3942663996332807	3.459887660548298	2.971935456985596	4.7323118048358275	3.860898087566042	4.099756112954941	5.084423948353408	5.6288878791487464	5.1524138414303815	4.812633359809421
6.828496334933117	7.172527365565828	6.943194113071891	7.7499678435149235	7.502259220212762	6.901033512060764	6.338433119571001	5.588142054806745	6.161518590626525	5.34730616691831	7.315739376034415	7.079218267258886	7.491230189380009	7.504093734180737	6.692299664852819	7.534279457674836	7.2599034768727595	8.094186093913676	7.397234925255845	7.146528534406508
5.654236763680045	5.942319244989246	4.018962725515112	4.624355310956741	5.973651644462218	4.376764285648464	2.9419398951460214	2.58599875235841	3.6661980200051567	3.1277882471834695	4.718800010282845	5.131390196906789	5.007041546307589	4.9688883347461585	5.468679220234396	5.211891845498169	5.0959581731533445	5.723015587611244	4.621909902614386	5.106217579275798
8.219071673193962	7.404537616732973	7.62656831411327	8.27943610351624	8.421258420446355	7.599094324140497	6.923762376594617	6.33976966535094	6.381745462959217	6.64950269786242	8.265931317877348	7.939497715741285	7.911487491088952	7.752040581360145	7.493925872746657	8.284770837908397	8.028881697603998	8.489795825852815	7.893595472370437	7.483382968790799
7.637960589250649	6.82387315380288	6.766981099937215	7.1464537412334534	7.491790015387708	5.7466412378174345	6.621549155729831	6.313466534489096	6.696006659150711	5.76469876833054	7.08698945656805	7.283189159026182	7.065904900368702	6.704920272011063	6.397254482066569	6.886387772609503	7.1287494163527745	7.529408994326034	7.107875631936169	7.475918863134851
6.029718648281202	5.249452730947134	4.953006397947129	5.870157145301956	5.751123294473004	5.303537878839705	4.645726979703753	4.909351104039183	4.311881766601015	4.6292296417354395	5.24845057375132	5.66520282120472	5.444327956898972	6.344633106057129	5.520545490690762	5.3504443531432395	5.892634685696178	6.1719418903796	5.714667521879082	5.420941776718867
6.595264268364254	6.0780175083095	6.519828728450795	6.444896956122097	6.413759848558925	5.364787050644683	5.081509731720269	6.45520071666816	6.2744386845413604	5.281738521409826	5.5563932288038735	6.436995698951657	7.1397527541207	6.912099465773163	6.524996015266424	6.233586286349259	5.693043754631746	7.456436540309291	6.096927131260956	6.407101791950701
5.966942985988112	5.438208980180658	4.932739165911114	5.685228977283712	4.554553335213464	3.6159060064300323	3.955390756519629	3.7654974085366804	5.742882823106999	3.7995405586520254	2.530906415822052	2.261382461236523	2.017860009846072	2.3319384438342414	2.590555553683352	5.029173198382728	5.330108967808587	6.129584650116048	5.122205998685716	4.928684450019289
2.8346765435644885	3.302073681900613	2.2929927794017737	4.454406156447072	3.0981748396227395	2.56695641009479	2.208798886753711	2.4005697859225035	1.7904562189301887	1.8034294471683854	3.3746527862755964	2.8221222760196283	3.075570652461579	4.267980333975943	3.0020431109503205	4.727002853569758	3.0757203400283126	3.976616334552235	3.353856896194114	3.2885947355827403
12.805161473906576	11.923904694968426	11.66313378974085	12.362203674538955	12.643066444395673	15.385204849138006	15.261995498408117	14.554460907904236	15.185396459743457	14.600464895915081	12.250712668052815	12.011644359669328	12.152894364981536	12.513845443303481	12.049020164843945	12.240985631327243	11.644705467737431	12.818755999066482	12.769568413439709	12.37314881060492
7.644736535861984	7.902727041978352	7.216241059886095	7.493393242327293	7.608302977209759	7.463054743810565	6.59326382957379	6.364720652655642	6.943810889202035	6.6079801294526455	7.689284052080113	7.510597967780673	7.675027872731886	7.481332158731352	7.211949317643644	7.986630090413647	6.967638237115539	8.46442791716739	7.189059996892903	7.784666855630414
3.563470171303976	3.7678871326259484	3.285873689000023	3.886505944775057	3.922844605233838	3.4042042037452784	3.605250822440025	3.6064520052602895	2.638289522846416	1.7094279428783588	3.2319275465775363	3.3185862439692544	2.383027971633292	4.130831207510622	4.147999019971843	3.036457108219133	2.4596592919824634	3.966088176742529	3.908553089595142	3.5625607912028014
6.848388525095544	6.547284330370249	5.79210341269982	5.837554242235851	6.592070414023578	6.1290797293031645	4.67207129878915	4.277745963692053	5.081806158747692	5.943398012106176	5.8177213294218735	6.537739005572296	6.152925923048096	7.0185249027889896	6.161525598900435	6.2295596889188305	5.813163693685345	6.957381925475841	6.639735666784096	6.330642820893427
8.40761778459973	8.392496270130799	7.6781170943346275	8.842663722683122	8.936124063877756	7.8413645653872495	7.710648117491224	6.848983605788485	6.954042556408833	7.358644025523677	8.268766382262008	8.029291476658887	8.110294269088392	8.392048455979914	8.044735372041668	8.27640419871524	8.166159772990147	9.270596710536601	8.715936270652078	8.147193432737243
6.0627706606041025	5.604333492995634	5.201254811577475	5.498820542357328	5.602499444900471	4.906513671655668	4.800129455815573	5.055734905698588	4.859301101551995	4.690395659132383	6.019888235945245	5.487376346250038	5.425071813940685	6.103174206254509	5.27324111854474	5.847799256264881	5.169256780180475	6.799581090396012	6.1918688396939725	5.375251943282057
2.4627328775629773	2.3331047371405087	1.2408536240331167	1.7156911416207545	1.8999176433346723	1.7207839682060235	0.44714920671992187	1.9851190087559147	2.1161520309676107	1.4870102461698884	1.5565182910303292	2.278324392071859	2.0320315886403373	2.184034237304639	2.573103824142541	1.4353450596882293	1.628113552329683	2.2308615571580597	1.6469720002706045	2.3542301734828026
6.226114262301009	5.965792340766436	6.240296403921885	6.7127480077593615	6.566851754427853	5.4694367020321595	6.021140034698616	5.303161920010171	4.682688825774498	5.305512221205651	6.377035903452217	6.254481588889612	6.041344852475001	6.3586713588803825	5.383473537046969	6.1622184706296235	6.514771055003852	6.525776895725152	6.533364518445436	5.9503859100334715
8.74101633157342	8.230937151031576	8.001118991552293	8.615322628698415	8.6195477572075	11.20670475183879	11.336423868628431	10.900410700453218	11.091836355287436	10.656991851809465	8.364415104660948	8.42204142373354	8.385818569713688	8.001360311448709	8.39533827991002	8.374421161580027	8.268221777731478	8.884801642643048	8.840447948567347	8.216094756323747
5.920418829481465	5.569882038282726	5.289925702229004	6.373949564710095	6.027105982229245	5.563353335978668	4.322914483552953	4.178605656022948	4.7146869005153755	4.731390486863481	5.752013500834651	5.877317515356628	4.710013997100145	6.0392370034692195	5.348003215707348	5.377389388543651	5.2532552778948585	6.7820237157033425	6.217171339456848	4.694374127712788
5.5715760155172624	4.326532928060342	4.891665369081884	3.986096861140377	4.948888609379876	2.9272537978007644	1.177752385887499	3.0769890670649285	2.987709663071331	2.340659092673107	4.755729940714779	4.9387644468723355	4.608795321156148	5.575129392771956	4.531303380149506	4.572618415275942	3.1774655519612818	5.205145105250925	5.260013245449942	4.892247402198073
8.00959301847127	7.890774919004975	7.587689668500749	8.8722944159381	8.314424041300056	7.946888975389314	7.339491532964312	7.149306915608265	6.926451261824282	6.995747092530584	8.154358444585448	7.763483100043453	7.236336719139885	8.043347941298583	8.11137708705823	8.339276924560908	7.488100782157205	8.676655796763217	8.337242516678264	8.264591030721949
7.676935499975029	6.902392325064624	6.680807188044817	7.924380002189346	7.533205816226156	7.025662920448162	6.524384253288067	6.618887031364263	6.899092915731771	6.4027066838082325	7.709669724675564	7.812265446881666	7.58287890181345	7.81426259501074	7.164950372592527	7.10185952247694	6.919419218942452	8.091177023039993	7.300748852148869	7.814193069736469
8.081535685921569	8.27235063821563	8.025480582211932	8.761573723516923	8.236073105645355	7.14824620089684	7.274389796042471	7.182726928505825	6.946307811912473	6.945958577234874	9.83872000800493	9.520442587978096	9.458260615940121	9.889805324947591	9.30318463916647	8.485893267777211	7.518589413353861	8.425300215843649	8.325724258388826	7.426425488908107
5.149922299440807	4.380047067680487	4.406548997549471	5.441256069919539	4.620873375364072	5.58164142442588	3.5357900777028424	3.4496085004742105	3.8790704064832577	3.686335972625196	4.164241574526291	5.181073778430069	4.696462498946121	4.96953404968869	5.026329669033085	4.202301599639935	5.145638180318612	5.6360366956037975	4.530333974834952	4.943300905432419
6.557467179055319	5.927349730338166	5.460074284961065	6.905065588293852	5.905868213617088	5.81334606231044	4.949947182145657	5.05341235178485	5.788314971886301	4.387816324705093	6.613694725032928	6.271316795205153	5.839786467231978	6.49904432409735	5.95168204566409	6.1096636632914985	6.332217318509633	7.4622086480185095	6.762433202164786	6.143760654058713
4.014195616631367	3.7052984991188764	4.179101348114593	4.78801634157637	3.965042584433736	3.5921607292276585	3.36273515430018	3.653113834048132	3.5938056941396144	2.0860915292613047	5.119897314059202	4.571574771695023	3.7226353389653326	4.725997174884765	5.327516933793871	4.321445226471962	4.10596563545842	5.001623147287941	4.324053509338896	3.906250068580055
8.930038747209437	7.741012076653324	7.157048998164948	8.826101695492712	7.840410758722557	7.215794956723501	6.927451607151402	6.857673842726386	7.386725402201718	6.265221728625489	9.934114913469477	9.906774712527959	9.706033367507375	9.808363226439262	9.802638519182455	8.183227342717673	7.346129110257647	9.314978173412356	8.57408401700758	7.586430341854683
3.6226459559528155	4.582561930253775	4.026181983519547	4.022023699212115	4.44098594392929	3.4059355043480757	3.0579434794504388	3.0682220999830925	3.699479339289727	2.1857172069284267	3.2233786047697484	3.419442339222164	3.4874748398667137	5.002381254258699	4.090075336694863	3.432551128896068	4.844844581309024	4.987297435844357	4.1340346891878035	2.652473455639273
2.4720587651894173	1.4626472619438264	1.8836824888870205	2.3490163668596553	2.014294614788599	2.101742264876963	2.261343688489181	0.9739698747403862	2.3029069942734166	1.7019252985230335	1.7199054510906793	1.6645955362597264	0.8531961159198987	3.485969987566216	2.0629181423135305	2.528176299559652	0.5954300664048249	1.907968203346498	2.9274308879905178	2.185504072101051
2.1312704568031395	2.3939003614922623	1.054236739794373	2.098364831406442	2.1419677933661436	1.423346530141448	1.0229120711739956	2.0089625879399304	2.569739915734939	1.9915872467449098	0.2927351317722903	3.012437087361134	1.6334206750041407	1.6953025004654587	2.5545500309217872	1.8821665598153823	2.0173215488638374	2.0265739377088643	1.1471982658066227	2.0771854027676997
11.570963440634058	11.11825665784521	10.008120753448075	11.326017114478839	11.471021598690186	10.544082030755476	9.980454838032548	9.771548534854055	9.941272732929773	10.26090834880239	10.515064663617652	10.465774918524538	10.18799641335773	10.985573596800734	10.546337635034334	11.078684179432432	10.827816980067379	12.022621015180428	11.362394551590244	10.99140742615456
2.897379963229509	3.1369606088610356	3.9931568032431644	4.305722522948907	3.21677125370279	2.801283620822933	3.5958268618831513	2.8783682633093384	4.418687295254971	3.890050373224698	4.888000957260118	5.647862369749729	4.8548778333576745	4.345573187605735	3.580393350677516	3.598475186715507	4.4173978385185055	4.909153127937442	4.127584200320732	4.178334233600946
3.8839875732256206	3.510314083975719	4.240489222918568	4.001309991037651	3.22955538882886	2.928586796770422	3.0173514582635272	3.6051456241865694	2.565594109982034	3.2196186585925597	4.096407454837636	4.150721153563957	3.2278497091876046	4.26071467082342	3.6257095208715615	3.5883704148336855	3.87032355280934	5.608069384212173	3.2187253612811233	3.266349289242502
6.357387123858924	5.969203628026752	5.737358377961585	5.2820240041869875	4.9623380600113824	4.4307698822323225	5.253526194613882	3.8495523139466488	5.06599181620213	4.635134604501075	5.375834486766072	5.87510511834391	5.6358649578618465	6.910649081978678	6.026232209780695	6.1077367419365185	5.140717674819004	6.1444039046895655	6.024882117876145	4.736404531377765
11.113126729742211	10.639626280300385	11.121199978095273	11.261407520989541	11.351978532550875	6.456611527484702	5.979643440533412	5.7413582166395445	6.033301576547207	5.8099044883083195	7.060614139498684	8.028196637694547	7.291555125357879	7.555589699244799	7.297671389350813	7.302579397124875	6.524215219059857	8.467524088256893	7.6588769897327795	7.121826646801948
7.479507475965103	7.545798934279317	6.585672062161465	8.330751402996377	7.918919472929494	2.652204683011225	2.6998051044715554	2.68053776068144	3.189912768299156	2.814061968129026	7.206335098544362	7.2728960468037105	7.108435448742827	8.19125065048792	7.34411936158456	7.64684811734126	6.7729452976011535	7.630302106886985	7.235164518216259	7.166481533265246
5.728354795604086	5.836055985338291	5.454641609565836	6.305636281830639	5.3536901612894034	4.34324072005269	4.553472288587239	5.13835733115829	4.073452212367671	4.072726235288077	4.775272445468161	5.65287143318694	4.729379625126362	5.678984931165558	5.972170358924278	4.921687443008189	5.260661409979028	6.013086523493302	5.023587648758919	5.66597471796628
9.226228277605154	8.59675952380575	8.52713053939363	8.521277033484651	8.73860660838512	8.08507653495218	7.867561602497776	7.699054276072795	7.648635785971096	7.7023831154916484	8.377253207166211	8.29425770690458	8.220730642245814	8.355923751065076	7.8265027788477655	9.460691078727107	8.896542514874097	9.71331420940397	9.59888073932967	9.355069696991354
4.748019231026907	4.797310612119766	4.163579886490714	5.079273248478809	5.532009038627713	4.178798532375064	3.9679625588516196	4.058995815302082	3.9753679573701666	1.8968646455969553	5.468598956952928	5.0503907701109725	4.3129233074119515	4.834006969796682	4.016995403652432	4.081069530042838	3.9527955521532756	5.891538930416557	4.626700220966394	4.528270920249105
7.147713641934363	6.806080060798617	6.410338574052716	7.303154927244683	6.987964106686458	5.230907652122481	5.513515599788855	5.479024819038955	5.379864615948049	5.482747973100358	6.172024450990901	6.844744592295415	6.312814739282894	7.197969386078491	6.6937209136628955	6.568584404564988	6.4563182074245065	7.203617937466768	6.75068249238214	6.216889745348915
7.477436171323784	6.884693823861073	6.582711085215033	7.785759961326421	7.365546844234294	6.508266849816477	5.952658167063459	5.423519578069115	6.770840277628769	5.631817257245656	6.982669529398754	6.9940263749400495	6.215749595459767	7.670950156319294	7.377781200420312	6.3567385497202835	6.527817561629876	7.424195025993173	7.212944433489284	6.724147036549207
1.8547964487729456	1.9174234495398474	2.6019091835164363	2.383954314670823	2.070895160708601	1.8378102128587026	2.0659233499817615	1.6686110539821477	1.5358134757870223	1.8032902466869332	2.1123900849429345	2.6685147084631313	1.9714562888444018	2.2230610300322935	1.6173188964158114	2.635226279513298	1.9187420223287528	2.086075724736587	1.9686474777360667	2.1187833775982066
7.434876746479618	6.733541844457017	6.212681388733796	7.231438883220652	6.815083446368177	4.596613180469469	4.331292344495185	4.498751188824524	4.104698761536966	4.4400584959708596	4.699904570910278	4.46895893593483	5.559018906656852	5.268952424128885	5.319303558704432	5.316624219314923	5.474136228954584	5.802014366312736	5.95844374272113	5.435016465381172
7.408439758534144	7.470771475563152	7.172046125363787	8.07805214005702	7.41340496186085	6.3895749790581435	6.809218975593113	6.083341722541541	6.534516911943924	6.473355862700231	7.357307831931017	7.147931355574834	7.280851959176156	7.246081184543487	7.301677285110615	7.646760157553147	7.126929712812815	7.748427938995413	7.808534535361743	6.828258295531272
5.683209049449664	4.962786839810977	5.24743774424096	5.849416662115728	5.531721210020202	6.894334804966028	6.321681911157368	5.682745587447963	6.538754019187799	6.40418439362108	3.1907197340564544	4.466658501280134	3.3737217648041	4.7032350544900865	2.97212468878825	5.923378181779267	4.925611163820906	6.092345730804237	4.985528971869211	5.2558326791425145
2.521229903023762	3.615450194108704	3.016841912344611	4.007131491407874	3.2657507251759146	2.572266267150158	2.031011425063542	1.5595816167844498	3.0403193326115994	2.569365483031944	3.1828936763785207	3.4606528289221488	2.3323850298924764	3.8499478009899977	3.518229074528874	2.7852500077230724	3.3256146301237735	3.138202857945564	4.159185443912891	2.875702000710548
3.8026760976494063	4.872534533919277	4.100460040310449	4.390216253364777	4.858328497900001	3.886398175574939	3.757409113006376	2.984883747361807	3.408780030069875	4.062768139685903	4.405303816052575	4.4711464662698885	4.101835175924373	3.044141785579067	4.453776769916752	4.023763439461141	4.33460518421149	4.91808611988463	4.493195418593475	3.0622068599474086
3.8101710118360583	3.7001583027330054	3.5681342030194054	3.554745498922233	3.149557437656035	3.7008694525879458	2.975017284799196	3.6278300007781654	3.9808160718458296	3.3442041239381215	4.149685080244614	3.888999705674318	3.766279130469823	3.301251019001987	3.024562682251016	3.4014864194917864	3.502991351239825	4.771795985516743	4.015984163819638	2.75600785655839
3.1667446306194953	3.0703771635051464	1.800455844842248	1.2624007678838425	2.1840003239704315	1.5656630007763717	2.4226218211490167	1.7779451855098103	1.595388518402283	2.0846839084570177	2.2982514325008	2.382507118823442	1.8809382396648209	2.7621385994166587	2.1680289610374968	1.7766075071333598	1.9614318341919068	2.247955436400179	2.003986837036843	2.178359888265186
4.466784282241472	3.8707303181025616	3.4099698899594535	4.213282720744634	4.819223307978946	3.722554055156884	3.190460441724844	2.919932779158067	3.2153016003348327	3.2071299853871453	5.002602409918308	4.634546313815749	3.8969468970178283	3.5128923310506956	3.614703515876214	4.45340716433834	4.032004373784521	5.012059569413141	2.7795095545969675	4.082059200620451
3.4198665353632873	4.569984719808953	4.107181157977197	3.6424833272616226	4.672000076732527	3.2970835077019642	3.5303906700331504	2.7384258795558236	3.5357897671233838	3.5086958652022093	4.767319887399391	4.1009048290505365	4.909725673231786	4.182491348887637	4.390489314341677	4.288798519487106	4.196849503174628	3.683706471593822	4.09112395779324	4.871660792526054
6.8621605051482275	6.05740732676111	6.218416143937608	6.386086269741914	6.156718870437745	4.861682062027267	5.711952873302783	5.910793998682297	5.116770555046391	4.057633604615092	7.205157493481241	5.92053826955202	6.311353834987968	6.6390308700945075	6.275769956118367	5.976279034410308	5.553115016393814	6.224688018486194	6.360728524412674	5.881839909853532
6.842211369405144	6.184521705952081	6.028573022405957	6.265260645789192	6.173052927829722	5.476184174711058	5.59478769247896	5.445787366642571	4.3697284967591425	4.957934793956027	6.044870099048955	5.952329638337608	5.844516769720695	6.462210819096864	6.0500610577506775	6.251019739592871	4.893352686712451	7.252730391930418	5.8927304778546965	6.059831108823796
4.744550850311354	4.839578127450411	4.4595363277375935	4.884035274996595	5.171926367543545	4.976599118270267	5.245844775248351	3.368347768909062	2.5469253070727995	4.187038985541459	5.819085455549492	4.144534011122915	4.534790200050377	5.026150976237728	4.860217258173166	5.864524827893655	6.157005007549748	6.070174977833441	5.664149989257425	5.896699116496291
6.7702307009586855	6.43886627535685	6.3098334130096845	6.870268073015661	7.2469948872098975	5.375577923312261	5.822421178041958	4.597689826091557	5.5163728487640356	6.018624640159599	6.874456737761467	6.358642342672097	5.671543159763055	6.708704166207076	6.745395943145415	6.552943005110228	6.333819718414164	6.9035113430144746	6.370683883238999	6.239868343635066
4.962756148033298	4.508033781668719	4.620507412274322	4.079359106876003	5.165144201512476	2.7847192678954817	3.820827497296926	3.621103192549669	3.51432460244804	2.896777446734188	3.9536153842843795	3.4951647894733027	4.226734022027232	3.640499590365035	3.8757922643604674	4.031393540384883	3.1384895410217313	5.103111868890342	4.2611754583332395	3.9914189923000376
5.777021129245492	6.2431521857656564	4.31034101997279	6.261842573852937	5.848128143214073	5.426806184757213	5.596865336222574	3.638003736298179	4.44501725668092	3.288504551697681	5.738542403666895	5.631278269160645	4.7159088370475875	4.650488377645074	5.684084354380841	5.570052328168037	6.466372296882182	6.7530546161445315	5.247754459363096	6.349369877641002
10.57378667898113	10.220062622512579	9.775052889642373	10.81748095975844	10.911596027007691	6.070627116791597	7.291072939612752	6.329322338095596	6.796742855983587	6.715913487751646	7.073121522969528	7.363624399515196	7.488777763734294	7.706559418290549	7.251150082386637	7.74850697317469	7.059491738004089	8.785108348476363	7.800114946169234	7.453104502377614
7.158340429825804	6.65249601899885	6.563755685497458	7.922535655197246	7.4143218675511555	6.758649928909595	6.1101048112233265	5.9378045571357525	6.04789842648069	5.8645066339055605	7.209435523226933	7.656280189397825	7.402289657512879	7.216210479348689	7.556269540073218	7.126955360348203	6.385615761772703	7.931521386557409	7.452593232806421	6.815491278602227
6.778527191777249	7.19903320084285	6.705779738714282	7.458638780487882	7.465741184781955	6.7810451681322945	5.8772991347307775	4.834922343016805	6.12392247367894	5.83119292235124	6.910907383788924	7.5674845143897835	7.369203923098536	7.40471857172892	7.146733731990655	7.6162908140466765	7.773658948520744	8.593014232455998	7.839543480427832	7.519409407544215
5.774554046463814	4.701931277937934	3.9603031732382568	5.361599581318191	4.590988215460095	4.930162194280133	5.133057386782266	3.9058367517238777	4.2164716977241	2.4810447152433937	6.044783968741809	5.231150650136923	4.506222209567147	4.917984734806459	5.202783630296815	5.186968179285193	5.273304495667193	6.131616210764254	5.134995356294629	4.8050962964734
8.24887106146551	7.968055745647702	6.7338253861721125	8.118696755030367	7.843918718234827	6.065106731651065	5.490937461531542	5.246827808762612	6.687072320942097	5.433844269041741	6.994629453653027	6.58867114695458	6.904730133484434	7.792731767871662	7.243946449719291	10.582409478826097	9.807145966916355	11.339642073985468	10.658577545682215	10.379125563594833
8.96425975517081	7.984059757310041	7.726991191460201	8.244274188265093	8.844060318594831	7.307597007587733	7.898776956598452	5.914106511622396	7.160270448229635	6.985466014906566	8.282263391251517	8.436398756810657	7.8424895700179444	8.57969977582962	8.16893998135488	7.977171223482634	8.111337503985201	9.037274323859522	8.224410811758439	8.801136267465619
4.651964355824559	3.775363224199374	5.071292598664401	5.587958413315865	4.552015774573208	4.311051534757109	4.998676054178237	3.4667903921531473	4.273489125516379	3.3594280405517547	5.7317984721930175	4.998167172462576	5.267990284939614	5.558058176259352	4.970478875073225	5.39882737513502	4.485031549116724	5.516730934335472	5.430006342606472	4.589637157666801
8.217306320736546	7.814451914247333	7.801813740380447	8.65979504380955	8.108505385689979	7.298520726673633	7.128918625508345	6.842030650508383	6.872930319420149	6.276366091090796	7.892590329539035	7.651323101136789	7.104655752089075	7.269908378333619	7.9019829832663575	8.567636340707695	7.869569728962828	9.171662696280414	8.399393541595758	7.683844279827356
8.293920901178913	7.891225397301859	7.1337435027315905	8.38925429801015	8.04346823425993	7.306179229254	7.043770114839319	6.662261075775846	7.258109808472999	6.176357048361553	7.651978478235511	7.867473989239356	7.774029193274031	7.93436657481963	7.396461030572163	7.807032476710178	7.086893907557343	8.644408362833955	8.121354286911478	7.378480081093532
7.297259139354595	6.5668892094569395	5.760905351522413	6.723914845152523	6.766224336270031	6.086462080718105	6.595245015732424	5.122196665460966	6.2022894409998335	5.34619732402638	6.718343946796252	6.652133219608269	7.415236103220016	7.351614518906584	7.007336145005851	7.089144500407267	6.5824753095247575	8.048163687329591	6.7910852262705355	7.0360479470511095
5.61708804232043	5.872345357118802	5.057843978116394	6.064313498320081	5.416650849095198	4.414381332209705	3.8601129125079456	3.3471197305444407	4.776252758535374	4.196335723321463	5.03677032031359	6.231637943739026	5.064541038458165	5.216568768004916	5.481888149862951	5.059985712018739	4.614737224545113	5.836271517530943	4.903632532741325	5.1123666175606335
8.0984458743622	7.110410643911459	6.478773355477597	8.108330813948491	7.98162318691855	6.966239296577471	6.715522566062739	6.26656288202123	6.616179974234771	5.973320607123257	7.340466078545917	7.707782800925077	6.707986343042406	7.280587214623229	7.04694137108655	7.286153823777088	7.313627656770097	8.507335985039026	7.709403469553929	6.89854540169095
8.462473311591276	8.032407352444594	8.058310337421343	8.747635443536753	8.359110462082802	7.801118696383816	6.907620496237475	7.006185685615559	6.955232194148829	6.780580019310004	7.921991820175281	8.22777222490756	8.094098996717273	7.822195901220204	8.187929637980039	8.57754609402271	7.580783431974091	8.874127141176142	8.309453956624948	7.79968147538849
12.210711124305915	11.616521700360746	11.467958940113293	12.504318744508653	12.06003347413348	11.280364097842563	10.948885409727982	10.295196533530289	10.76888952656914	10.945592735533658	11.792679297575019	12.151588543642818	11.717656664273644	12.480922691817515	11.873125562560102	12.485481482616875	11.896133475630577	12.686079059476993	12.134508343556044	11.596195434796698
5.442878279331269	5.467966301846348	4.693844942291664	5.193127572813356	5.174313492942636	4.3230863700761635	4.1358140073766725	4.45618819635639	3.9268727724797947	4.041487557431476	5.07998445063566	5.531171770877997	5.027362589457187	5.675507091712296	4.471690556957594	5.702179410154998	4.726146676837858	5.890981561926153	5.944724196330208	4.976669727296938
4.986854926164121	4.491406567283532	4.3323802446516195	4.86333192205931	4.003818487673681	4.527673796743685	3.035285492096561	3.9560598440658796	2.621899746036301	4.497450211696554	4.172368389198277	3.6866407187707417	3.932178335938206	4.8675929451839925	4.801308954731715	3.4204080410800004	3.5993991585590774	4.921024374054791	5.176993801036559	4.099219889032055
11.384712320536508	10.909809956740702	10.331068171271745	11.085173303224366	10.657395412940145	9.93589426543233	10.006750242087985	9.555693834188624	9.835159020982013	9.394709192352817	10.580208315067484	10.93049073562754	10.544240891003462	10.716446668156276	10.851468207832147	10.88456586242937	10.442437674478455	11.527538914165675	11.088635379031453	10.580273607409218
11.943211242289491	11.352739486902978	10.798003693104539	11.7182690325738	11.398879382049515	11.818650360832109	11.482160607175018	10.99834597441212	11.327065593598638	11.5022831363919	11.234955610744025	11.094516728847163	11.484108027763938	11.80272724016642	11.106905728832844	11.339040288354965	11.219410100311862	11.665357348394368	11.225413308173556	11.594123979274874
7.536665228337744	7.1228607295490125	6.510354458610732	7.990606962236485	7.606712687510752	6.293062125699453	6.2482036959627365	6.197031401221466	5.8992160643194405	5.571153766204674	6.6645239300078405	7.215563578037791	6.512759067986711	7.223180295985048	6.538317635943858	7.6571156567606495	6.481843702516075	7.567480849070055	6.947127463011972	6.985883268300746
3.074810766515449	-1.2390914712316277	2.7046332587727657	2.2341765274420613	2.315943498820558	2.0406022238091763	2.7706307559704153	2.5246407169775433	2.1544160254846583	3.0282703209298254	2.9004756025247933	1.8677750441343037	1.5156415428516024	2.084622595234389	2.0433084983454095	2.8314794616809325	1.907860737952888	3.2211571561658263	1.58619076047707	1.3047855386442027
12.157406782848682	11.046269787586004	11.236945534244379	12.676675553269584	11.781580790356648	3.3228064318245742	2.9303515879455038	3.5263878935293	3.953940050681446	3.8542206722065324	8.779042322607463	9.080103861326338	8.161935320781923	9.238164307966594	8.81332448576487	8.426047632554056	7.912295117854686	9.351224385475948	9.390677391870847	8.5440713524289
6.911774536836555	6.884249485671559	6.484904026047524	6.989350771288876	6.526458394872329	5.6310464873571116	3.8959419080188353	4.074654980951011	2.961607584261977	3.4407773284067606	5.723936884309768	4.826383043933522	4.268341951690035	5.89587310280436	4.414921995203255	5.510007964215954	5.020476271332349	5.513945216508587	5.3092980760875506	5.012723776536563
4.807043424860213	4.606760855502596	3.844914009102152	4.8002576643637545	3.6976279418096167	3.0492149933166663	4.546868175790203	2.50481899215615	3.577691960974983	2.652484907228647	4.367870360325659	4.59898906093406	3.593713244235828	4.268685999262572	4.669501169383311	4.735892533985117	4.4867352406807655	5.013497852462483	4.234635298260461	4.448624594703208
8.796130580287326	8.352245023669113	8.282719854709313	8.822824412749792	8.477324980366237	7.687353509127012	7.449907431462899	6.393188479469239	7.644097031132448	7.342110119251599	8.735730052163294	8.507973815760096	8.312804307498256	8.094925130401483	7.784212400470963	8.501113614468528	7.717076937637999	9.151702192974883	8.807377206259005	7.803842936563674
5.694557622284951	5.469304726152038	4.480256703132469	5.216952738286748	5.306791866176187	5.544747500826919	3.573291652062398	4.47056333615055	3.787777022339763	2.831479593691571	4.365988330683829	4.800819841301125	4.8606408485416415	4.903404336186645	4.15836892588929	4.810690302971857	4.6977118910735465	5.617280953204391	4.901576742604714	4.680133389198149
4.828391672002231	4.947894139821146	4.257117633092927	4.367528063071487	4.492231509149864	4.447176766530296	4.693441554497399	4.343744729857283	3.61086789074173	2.922778628247762	4.593301273593381	5.122564713771836	4.654050087325368	5.094553706987733	4.861504115610208	4.461950062556657	5.175168246043456	5.147617870472485	4.530731188579068	3.9312953617591537
6.591049105970127	6.2316994042592535	6.5139962454605005	6.297225864381122	6.323411454774421	4.883571970905594	4.941518510424946	4.318780206637887	4.787606851450315	5.4154779957698445	6.946439539856953	7.215252005004482	6.547114144523471	7.221383523063675	6.518216944175154	6.186514544768999	5.6805557453525575	6.870475928086276	6.853631029864664	5.925913891177371
7.453055369245321	6.4634313139783455	6.696465967323921	6.797120453763575	6.952155382940985	6.293994568799558	5.995662439902883	5.793549419880638	6.236432131690303	5.576367407743709	7.04008757206519	7.245095316218333	7.472402841579205	6.693707004514924	6.58086865596082	6.226064121243033	5.936919185192632	7.120557016143953	7.161197393079082	6.99309924451249
5.8717076444927425	5.434184347224459	4.767599378254891	5.550181611934903	5.671424621836712	4.239010773855364	4.932213262793505	4.898875282571899	5.1176022061328075	3.9577571405653833	6.0146873828858025	6.289329967212769	5.173827103812154	5.78506624294062	6.329696130715899	5.11629193597468	5.332353109406372	5.759425611002498	5.834536427575629	5.083555146460981
3.335118660784771	3.3895883222622643	2.18265055131129	3.8054724502852606	4.033750606649195	3.0077220252951817	2.496135037882408	2.4913238883633064	2.564343690351771	2.3017367205893438	4.2640749348549996	4.903461671461683	4.8095526931521	4.710931594015337	4.2779613924146895	4.308213581712089	3.135643751899758	4.189796847543962	4.5081228952619385	5.351387799681126
3.9566222343601507	4.766409849667312	4.3763251731418515	4.7605799401080295	5.16254951630088	3.8100716749634946	4.028508148301814	2.819221861931963	3.581266558481808	2.9078120326464463	3.2996128125577107	3.9912379583321425	4.254207972750018	4.032089920032383	4.073151966928225	2.8783277028196292	4.080300202867531	5.316689069262089	3.7197805253507186	2.6618039969019733
5.330026321299279	5.56483905276629	4.7744815550808894	5.390822502712286	4.89445871295389	3.943096927497968	3.9989798478538656	3.7702002704510287	4.812602794075148	4.2994936380801105	4.870594124874014	6.111919673087856	5.366562443880933	4.838293849237071	4.766499675621242	4.674638473381682	5.072138252567646	5.454629305359023	5.311199267132171	5.275004794728829
3.3033516483646035	3.610473814764516	3.7817447552518377	3.8074541969733993	3.95985325906187	3.6116777738255057	2.7789823673914045	2.5362271034281845	3.857690838917551	2.0005780906331525	3.774638927127806	4.241755710613201	3.771646773831767	3.3493370873588604	2.915166621137143	4.1782109700331604	3.416974194954109	4.094664258716613	4.04571893853425	3.2175784625636363
6.372517795195923	5.8601014720769085	5.000235269476166	6.889964416883271	6.006768868022921	5.330005086322804	4.406809954540877	4.444305964741626	4.780918476859504	5.491776007164438	5.9213049510814315	6.6471219767819445	6.319120068644129	5.805926974898712	6.085448358101059	6.096258407211995	6.21961457197577	6.907625720750201	6.2789251463015985	5.525447314070426
7.332775938628161	7.158838956685543	5.802311101921521	7.477897224372683	6.156689847978034	6.0286359803561735	5.662014787756629	5.464585586908795	5.477072808426932	5.3284023760485475	7.176430028442357	7.085841595749871	6.841421623912818	7.093363110851351	7.213602110962958	6.815167734881486	7.093143700279004	7.5602258800639275	6.725488450884136	6.831698651297331
4.99983011161101	4.340889235088477	3.8330937782933825	4.144220700515533	3.378766417539431	3.9105434910837813	4.219731987217962	3.583083359260475	3.3548902115994714	3.2332169599943787	3.8332503254448955	3.1958161436239902	3.7821200216545567	4.132297784511925	2.9037468671468627	2.9948333430158725	3.4998800376963315	4.914527538181339	3.214070027828505	4.227856392530773
8.76165068377174	8.237482095292501	7.4966512008125825	8.374249322113561	8.203020316714184	10.225904192792033	10.11362125901878	9.728122007887261	9.648067411439202	9.603746983339873	7.876142704033895	7.77316574187317	8.344805425701583	8.31993231129346	8.593303371320935	8.06715570759322	8.031086805389167	8.355679643706	8.366756115660685	7.98548979206432
8.899014346767496	8.581737609144227	8.145423827794582	9.2233889182216	8.827391212138451	9.120368423527811	9.038356116324255	8.478548601524539	8.842165908543251	7.903767420661505	8.91072479105787	8.482397220572267	8.469350302041859	9.024077578824055	8.831288046080441	8.296329383116873	8.318090568350799	9.327899183276331	9.102730891389383	8.289475201026647
6.954609565964875	5.837898816853698	6.503178632773513	7.027781206749935	7.256776109317172	5.7959629018287036	6.236584531676676	5.153153118731375	5.368685864986461	4.809402170532649	7.552891170514391	6.793370541271335	7.2878138135400015	7.611621913929277	7.46349295908229	6.59085448571192	6.720836429776613	7.0916655255808685	6.483328031027357	6.261511742239085
8.15914740815403	8.21870571343513	7.436562952644552	8.637480559539878	7.799800546296809	7.205854379459196	7.045789616772711	6.660240279707576	6.596825743883426	6.743071372807304	8.044047893226328	8.02350305634917	7.726191701548694	8.349407246216394	7.797231330173759	8.232869199876333	6.870746201583528	8.734080025432483	8.36898074131436	7.749123054234317
4.777417438892953	4.515428761939688	4.147440835638777	5.3138711897487045	3.4667959866732705	3.1009426099224218	2.8220683866293106	3.921813753090288	2.617019382604738	2.7405302313342292	4.041634756060285	3.751675127876127	3.9944617962508664	3.6332908045414376	3.8515996048321	4.220310570933638	2.916842518166146	4.252330390149741	3.952153736579331	4.188161043244607
6.7739443251200235	6.788327943015775	5.95695048588511	6.448006694153087	6.70458164295646	5.288805655112103	5.721948952786593	5.61801471974945	5.796509363037536	5.00123580047502	6.046945469336244	6.483844233032585	6.603159840767393	6.849162890043256	6.054972787486715	6.9850003933868505	6.482948502966828	7.29092045385846	6.77733989484528	6.223448989308581
7.355788530645066	6.316834626132357	6.47169435587793	6.991185942117309	6.553113989778203	5.666975479075463	5.522222158886816	5.395138962221876	5.793428290325828	5.735767392052214	6.83902876560294	6.671090381787481	6.344301419698834	6.9927514063938805	6.949233331387642	6.5246923187002785	5.874222523681056	7.618415388074496	6.850606771492657	6.464881516110994
4.0348955192174865	4.43494486263725	3.750007515589292	3.877540480757225	3.6632069366774602	4.266815761512187	3.6586354923769067	3.582470523484284	3.825065655655549	3.780807440238317	3.922248817758612	4.189064120936965	4.848447799908304	4.45830135251438	4.289576167957161	3.241845960519463	3.40074665089704	4.75011364030549	4.006590508949239	3.4405806252792654
5.503355900077917	4.7315418966196825	4.2805970701099305	5.359555530606411	3.7959931314041113	3.6785589953712856	3.8087203100575446	2.469795797267747	4.760371989577393	1.8736739936801534	3.4348936736927844	4.90258489826198	3.918653580706217	5.0332607339800015	3.5841501505804088	4.564320679600635	4.4810041509532	4.670247997698372	4.217057180092794	5.250274761253659
2.5667757528926742	1.9308731248410076	2.1226740072064083	1.4205259514075699	2.947316025398941	1.4617114302258298	2.2067632346187307	1.95300905793445	1.7412139780085012	1.1446868356141575	2.538950263828731	1.1330743143554152	1.9396737977411906	2.5858128548769477	2.172670931696927	2.2774162682039183	2.536149568501383	1.9031021496517035	2.7122832491872453	1.6055611804074392
5.828954134914281	5.0556240806441375	4.908235828709238	4.802756116115226	5.445688865203369	4.453631551332904	4.1501235916724095	4.004728783230967	4.22249788462109	4.140611319469531	5.348194338948166	4.98750338088756	5.150710763239202	5.663036810751824	5.282175449507457	4.634293536601626	4.380518436736045	5.588450769293625	5.762320980681836	4.711582910513973
5.5075336386258344	4.561310126831902	4.344694160629098	4.807818931420804	4.165030425113637	4.1290109656248495	3.823517036482496	3.69925960569415	4.248056315382626	3.730592780532401	4.458771731062484	4.518421039812696	5.496122151756884	4.8800917235351005	4.362718687201387	4.805052821431891	4.480159229412288	5.992878850964251	4.961780961398289	3.572640775708013
7.794662317025751	6.731924383107483	6.276017010137947	7.813466652192667	8.06891967446306	7.039817025816523	6.563312155000922	6.2247507236351876	6.875981404599455	6.8721181692939854	4.618500750141976	5.663600868083034	5.275726864234455	5.5166834918639385	4.763438447863523	7.523523149124136	6.904635814240618	8.580150611132598	7.5048390730655	7.369486035212752
4.5861255046784075	4.123720535165213	3.0666390235579795	4.1348439185842985	3.1796388769716315	3.1234483351950026	3.3473809409360498	3.05171731043301	3.5546350237201567	3.1077965495582935	2.3674965705137385	2.8855057569730667	2.572492227247634	1.6829376009877701	3.559045739760507	4.1611039373569465	3.6503402989299376	4.16571015560782	4.711213436456068	3.784408565690798
7.78703884322986	7.525801867967068	7.005060285338165	7.301629518208759	7.359913815010646	6.603848559193784	6.321039340026735	5.691201552976972	6.614406611729274	6.245285191926292	7.3106952449663085	7.300514019415571	7.208561619378124	7.7874521316098235	7.048334745932762	7.6102849715329155	6.809586695088326	7.761714059300468	7.6546041235794275	7.342866274913357
1.526682075341267	1.8778640821866437	3.507430581362799	2.3814811430714866	1.9835513751081275	2.0455684759003177	2.0833138014399664	1.2354334669546954	2.093193784571468	2.020674379271004	2.673456699084052	2.557517431073895	2.0742642982622894	1.6906508225427035	1.8293714826637109	2.9261044365830178	2.8852541040464206	2.9019074716428044	3.153535723763334	3.0370827158850906
7.2003165979642265	6.707846125362992	6.31944758909635	7.4169682375773025	7.508227925147907	6.007066723100346	5.155069874547276	5.172175708169189	6.700112178855453	5.939121561949897	7.071242330102364	6.770106438589564	6.518600188016233	6.4719664997433695	6.651210732128126	7.1559620905956995	6.5855560681021	8.035863947433516	7.032566302842721	6.55648446381811
3.4732886286948186	3.3370384524383625	3.1126010275008307	3.6105444590343287	2.696944527232905	2.4687213767981238	3.3886685295821226	2.4985427259295276	3.5869953347778654	3.05246703627606	1.4816903915807056	3.161639654478264	2.795888749899723	3.9378743585510625	3.520968850825252	2.5907529968939658	3.6299818059097495	4.6458752311697245	2.1507828638784017	4.305574600005066
3.4121054206595822	3.6196986925758887	2.020416476058239	3.9431005996491013	1.750249292558585	2.9787402635819142	3.1320700610202037	2.75925408432958	3.5398369305538377	2.9825446872430876	3.331205399218831	2.4990540525387206	2.314139428392634	4.072707020101708	4.0150361985579135	3.2720823968669004	2.9733006635586627	4.068221485974266	2.6770781267752013	3.583829356064999
8.045447172071642	7.176964537671071	6.8676396258560475	7.52587153430247	7.834996415490747	7.354456716527473	7.578192697060127	7.346896648910657	7.462354914203097	6.6727060345804885	7.962778999928798	8.185424978827154	7.817409413086737	8.247313111881361	7.336012642419135	8.056559478947175	8.078460032546191	8.271188447453858	8.402875456186623	7.6973968143402525
4.422541520392922	3.654622592002374	3.6449570869516377	4.769282363461159	3.3896236676234843	2.8597335576437515	2.8065939944136695	2.9138367441789166	2.244858941709228	2.8862301675673523	1.9404338705285293	3.713380085655041	4.0092103587283345	3.4732563404535	3.8918911369763083	3.4823719324015734	5.043998269299615	4.160367499240083	3.1169302054354895	4.214063795808077
12.283302071899183	11.663988913111469	11.483238583309864	12.147412835496423	12.073647749092292	11.059951029672883	11.05611387986826	10.666735933297577	11.277189056462479	10.647254071793402	12.016253723068479	11.895760264119	11.548197089285447	11.658183533835587	11.90746999398589	11.945701767857408	11.554067742021036	12.516854047676793	11.971916005397025	11.404837012538335
6.886173644485114	5.581819192399853	5.78912770456269	6.156572956763242	6.04283214871084	5.150154532219352	5.437025359047839	5.533099691380818	4.794000094398969	4.57027550775618	5.880465325693145	6.658638048140832	6.674173862292665	6.389870973680791	5.963890684785157	5.065818879534389	6.190769790320689	7.114692891058767	5.73307088197129	5.864271365063102
5.885114813461635	5.730228212195338	5.358041181963065	5.746609437415449	5.300241066164761	4.973551472672225	4.855594144371521	3.3670582179740487	4.960157933073876	4.351146385804854	5.8333140839065285	5.222317853460922	5.481699796446025	5.370095229145653	5.6926256761458	5.4047339303217905	5.386103214132529	6.139090869873449	6.127008213753583	5.6932475933679765
8.841795670874081	8.11281638763828	7.799157858643768	9.238893337245846	8.46962929794227	8.016574589144149	7.441416182837345	7.3723019848733715	7.227768614001556	7.404177182070156	7.970466739415531	8.91316855974103	8.235637784749068	8.652912856257837	8.427011685534225	8.086286502286073	8.129580547863943	8.971549776693132	8.672331308028879	7.482565774265259
3.080253332001006	1.6241165472864858	2.1667322934075344	2.238224970002673	3.513455356164479	2.077987757612615	2.524219680679722	1.504314576011657	2.8787484008245636	2.2853175707564013	3.2679814210127005	1.8086976671285289	2.2337933458957404	2.84409765465968	1.8015517067816746	2.8106467083007822	3.2867421500392027	3.1316248766368995	1.612235824205891	2.7423884692774023
5.680115830675053	4.3733417212863674	3.5098020773067105	5.010906214776851	5.569652544247491	4.396569311805156	4.572624021182721	4.045264620683548	4.833155147273595	4.335817538330278	5.989536557668975	4.2412203884412545	5.349808569203462	4.889288216444868	5.063117537598833	4.905274148524203	4.904270728709117	5.318243583802169	5.445330214990809	5.224290138389382
5.701620712124064	4.803023610473099	4.814839625450602	4.561125803528229	4.042205262062348	4.457489967607273	3.01367982070365	4.172604998865225	4.206342331322177	3.724923998234342	4.141392133890914	5.485060965663437	3.5394364241913783	5.152829058613132	4.119995136078895	6.96523579332031	6.650893169576285	7.411630320076386	6.908316927765297	6.01200274960272
6.3260818648801465	5.086695822287429	4.4868795646144815	6.032346294045647	6.330543662487604	5.1302954317244165	4.668318641494567	4.663371309097303	4.314609525542524	4.7418972024284844	5.504134138638974	5.876888852027647	5.133098794619773	5.735230990309693	5.252093626067708	5.985298826538941	4.879973970309763	6.59567181608325	6.063880224973668	5.836242703566253
7.074519902837685	6.534046477249275	5.968841288467116	7.082448725242831	6.751629719409456	6.566243044595753	5.675312970950634	4.899832121824093	6.519918362101197	5.950266921832491	7.245199118117493	7.384830712530228	6.69111564839003	7.342754126021969	6.517375215232628	5.545802486687925	6.06627890765141	6.363609684035137	6.296200193085923	5.78661911078185
2.006067032407796	2.3925452653970174	1.9263249579225254	2.0970135525241616	1.5270138922777896	2.1347521174930892	1.9819948130218747	2.6999118048268396	1.9993138110534052	2.55206884597933	1.2790940726412046	1.8560413081302474	1.6889929942198543	2.3150985248938887	2.077564651041383	2.9145383311257422	1.9657265316222103	2.0489349626545144	0.7789768950358567	2.7364075734869227
3.0320685524396844	2.3582741801680482	1.6457099332468734	1.8628013523341662	2.1764819444341637	2.181979451916583	1.7728594824048707	2.2493884673620648	2.3131661607943306	2.4757603603597564	2.673114074153867	2.8368799034432093	2.8476679430708405	1.8510970502956894	2.8482416928734615	2.424507525228271	2.474215967064073	2.7090148576032975	3.52313096310791	2.639712363527196
6.758240441152737	5.119303938326771	5.723166703023371	6.460920384612923	5.699273274368209	4.794822179622974	5.424418440931231	4.060379684517319	4.9883080205818215	5.141949204596416	6.164664719735209	6.291492175984421	4.856778124217012	6.510234026774732	5.820833520728273	6.275352456073174	6.189088480355235	6.5378743535503725	6.654543393937184	5.932385074554158
2.8371037005313786	1.8797559699233277	2.3580265995942824	1.3325940787864263	2.154221219622433	2.258579890847822	2.35251627463059	2.3260947504169005	1.9882055796756593	2.3259214360032665	2.3782608044320255	2.769410684176342	2.048428713098856	2.170984117935696	1.8347163250863545	1.9475897883567401	1.7342544538859053	1.7493663449463854	2.6360768887815342	2.278192010739722
12.097302496240417	11.50545297384686	11.188872574482705	12.446664983751454	11.534059533008953	7.369530436049847	6.3956420922593	6.935528866528754	7.609490965039467	6.236718756969041	8.22556948483489	8.162448165585499	7.677849072910527	7.8946669771523075	7.667047826465918	7.793126389581472	7.808002073898681	8.359491383945617	8.392025688529563	7.484427359399051
8.385546401558184	7.90651276594999	7.29950545638591	8.245816328655435	7.994919792413046	7.259375277080218	7.313749585982729	7.354710156875695	7.646064150346699	6.483415864746072	7.545800250945311	7.842752469721369	7.713543216599812	8.318562360128768	8.119915427463285	7.936993322148118	7.806544836989188	8.719912289465153	8.092362350903763	7.696520947777393
3.076703696132973	3.2372574477660345	2.23904763423975	2.9694095632195143	3.757000170037886	1.7653561916046647	1.942677795884476	2.9310075245121623	2.3281372547090857	1.627923329843494	2.758257482957165	3.0768115589896388	2.5521474488098916	3.257410084007432	2.1156689956196173	2.4311638348490225	2.841161237543137	3.098655779571801	3.535519724323403	2.215970135299844
11.921474396472671	11.210473249302298	10.400805108149349	11.911485769735958	11.104587378659993	11.57628123156717	11.418196215508274	10.953252666440195	11.160586749277991	10.862489398814617	12.32607469069075	12.156139456165063	11.592435334557889	12.24237329969224	12.058693553484579	12.39809570026278	11.897513829855479	12.58446668090508	11.694335927096033	11.591978715791129
7.4758680998449	7.116134283812781	6.316116035835469	7.840259037695833	7.147160756694365	5.645686024479083	6.515148803098385	5.755829276004931	5.056470170656644	6.137731065754609	6.86227468129347	6.943786083223098	6.326123200702794	6.9923666918544045	5.978701210890859	7.104492498398339	6.1880527294170555	7.67423532201482	7.273267277678496	6.535397301872831
11.12724736255967	10.854316029291937	10.651609902100189	11.188647554257278	11.038938525340285	9.847105290591744	9.562206610234151	9.723740280949427	9.94105699006151	10.087401672193042	10.699210079114023	10.692489581391985	10.750633410105914	11.101766475994411	10.930140090706487	10.7664755611235	10.631185902682578	11.718485208238638	11.02048237734552	10.182477523805105
1.7455569584757502	1.5403364329376783	2.0939992420229343	1.5512908788053401	1.7957696707298811	1.9805579775924713	2.068367825630611	2.3613434893573624	2.3008100726789067	1.842324564949025	2.365090168679818	3.0133980056222396	2.133727452591665	1.4493340494456068	1.6766483581085732	1.925192944165739	1.994598776441597	2.204787858236048	2.0130505161064502	1.6180597153019654
6.102037417805217	5.786828835366857	5.000220630132646	6.29734630907156	5.612220525932079	5.631149380826234	5.384575466954474	4.94993101818073	4.714337860988386	2.865760531649733	4.468270835942784	4.631938449450999	3.5801176172976543	5.293260518565276	4.379998139709225	6.433080121549584	5.3312750785798375	5.931205989513883	5.7804153535588805	5.38004920457257
8.177825026930167	8.333818827571335	8.467937117167518	9.485366604400381	9.097124877936313	3.2777719151361353	3.1477507538786478	3.880319282840461	4.350888917437359	2.2607460480771517	8.73859803453009	8.922304887495855	8.198424079311652	8.787522820343025	8.680492114903075	8.754204212580298	8.337304753650688	9.802681510690093	8.999583904625515	8.34096271657066
8.255915567275753	7.888187618369935	7.327660378021173	8.28797033754057	8.149323852253534	7.352560966971887	6.975432119144527	6.522980990876445	6.689327973711373	6.868963414379419	7.78968663214553	7.915705779132267	7.929829938779432	8.197689050125682	8.431466424607189	7.891315849367752	7.395442070520169	8.734073494755066	7.698685812479781	7.692720769862952
3.8069860073912483	4.026649134324058	3.9436751457221435	3.9391592503284945	4.615613193814001	3.296296587577624	3.978666086431318	3.3367337744264876	3.279759106068963	3.50613130376167	4.031071748273414	5.2906196791730755	4.06345897362039	4.597616771472618	4.567352381863996	5.169992856015204	2.686308057418884	4.82259672718782	4.442538013719007	4.580729871835561
4.473427192405788	3.382281108316379	4.352250187477779	4.825724860278797	4.486407972487225	3.6725765942352666	3.4693395284146806	2.1498964957193603	3.3981022968044496	2.1323323403177725	4.163935564061575	2.2270394472382855	3.598356264488194	3.7048167466624897	4.2982559812972445	2.9927093606903434	3.1684727103867	1.8782965458487486	2.971861040077487	3.6755720139193633
6.895440059718033	6.800959342106884	6.435991060622356	7.10074998986738	7.085714885063046	5.97706247456401	6.212115595650677	5.183334065777865	5.947250880583513	6.163923362817809	7.266348953546559	6.93341485583503	7.087723541214427	6.5568201944808475	6.710264625077026	6.65841827418425	6.40821329321023	8.059751618375552	6.378287720514436	6.508106398808838
6.9232488771527825	6.532430161891428	5.584334251067264	6.95517780609302	7.213396213184519	5.8140514134254575	6.113736504068611	5.704284766462627	6.225258286578862	5.368266771040042	6.400933034541909	7.150532361795127	6.868124784501731	7.036154158169345	6.6274472267247075	6.628697913802304	5.767561557042716	6.9676699271183535	6.968834056560435	6.193851154938524
11.841491084131794	11.494729726973759	11.186219280458841	11.381291948789295	11.504037951437244	11.00828548426689	10.73179072722378	10.020961023902494	10.36546585540203	10.030151332544142	11.616462577552456	11.77648172781078	10.893913990508812	11.491282095867673	11.129997227915384	11.452436642078645	11.339585476714293	12.30278195411209	12.102953816314786	11.327256406446462
8.149838859080406	6.991704070688195	7.526589661958371	7.937824172262623	8.083684852268176	6.355199806335787	7.196387632822292	6.182953692371901	7.2493707332866535	6.551892720613889	7.852296708812751	7.383841369618804	7.45550145245396	7.528723447207286	7.623432436853136	7.716082428904844	7.515185703742467	8.530599377516385	8.022773412833436	7.1345672412313865
5.061255787076342	4.841207809343807	5.23235970024024	5.85822176879243	5.620177978571784	4.821357120442223	3.8765130627687205	5.505162125713736	4.9055087036993354	3.719993618532357	5.342584950948771	5.818219803420821	5.529929518062138	5.432800173407834	5.933298444893994	4.9107730434795664	5.480614673814463	5.818004704900705	5.873101754256049	5.344926582732116
6.759125814097075	5.9687103035741496	6.053763942292429	6.8161778202200285	6.8684592833917835	6.211791717279026	6.000633683151207	5.78412828378827	6.070133601459488	5.4593310575529	6.020173658393853	6.795989478195886	6.455626384621935	7.047674401849144	6.827328230009727	6.2918596509164635	6.0618745731196935	6.957160604084197	7.164385471183711	6.287827694665802
3.5483381673580574	3.4035352524757654	3.5333525356886053	3.8269698170954047	2.799780374737352	2.739120860276233	1.9597762584018916	2.27523206582978	3.1084724691706485	2.8665755799178534	3.0456258522738624	3.0054985136170553	2.9926501628760436	3.862388297699408	3.753072120349235	2.255620420187692	3.004886731986309	3.125533559605078	3.7281569578336615	2.4331122752525953
7.059779748988822	6.329520009377633	6.24035766126053	7.6084044052558175	6.7118306394121685	6.344186949154035	5.969319849559184	5.166438550387813	6.228493593504224	5.306725703127677	6.887049217433628	6.734889251464793	6.068627487748541	6.514306281229764	6.595055505064614	6.902928456604694	6.632886683663998	7.366665054976835	6.529628231424533	6.245483911957284
6.01727872436293	5.439889153897399	4.804996480048912	5.730084420711322	5.200319601662967	4.759376500889882	2.9393928730152794	3.602887020548915	5.049547660928151	5.208970312375321	5.12383734481165	4.841706444885661	4.965611898166942	5.842513520400873	5.715607117343522	5.860877894518827	4.867973792106373	5.790894159603904	5.882385626030925	5.1321274388867115
7.8030382797818625	7.131482698971329	6.992541537462873	7.9520174203421305	7.553725655827805	6.655739479444389	6.0836375129148355	6.451041675311547	5.454508437814649	5.290498506947854	7.293095683149247	7.008199712596351	7.477327710007273	7.122988747435775	7.02221707337895	7.467855855553513	6.93721513386677	8.176941481940895	7.697710938617876	6.859267310297314
7.242641594821502	7.058531791289861	6.213027793584872	7.120912728251096	7.4765293781029065	6.467544381561411	6.748399645490013	5.452554950857048	5.723180774459806	6.159449988631836	6.846682565629865	7.288348256451961	6.761798526444084	7.391387544651609	6.766655768529155	6.850502659334861	6.974672574386437	7.188515500477435	6.866693991734762	6.647689826604543
2.8055270009880116	2.277381990926601	2.4023116169141607	2.2788183988304507	3.4369600427347167	2.9573184438314217	3.158743249584965	1.8095376580902434	1.7580825214317108	1.7218791075414448	2.3239656258264714	2.290736486108587	1.1232548467906998	2.4466703816727917	2.992547035098545	2.613405649422409	2.389643185918709	2.6630179822133293	2.1770076780641068	2.043990138289262
2.1813655490566926	1.2811177387424322	2.0881839931680926	2.1400606641049076	2.089695132478602	2.1010528302465596	2.8565500880998758	3.5328329591884744	3.08431513845451	1.700501101851932	3.1002131453733224	3.728016592597138	3.348723819912298	3.1887702279694583	3.581774111430101	3.444481279246367	3.4763563918833826	5.678440459646702	1.880505964963168	3.0541978294725585
5.383532260326703	4.952424233559894	4.717967943124804	5.24435533422192	5.1823047955978945	4.101746175504279	4.086447659252764	3.3496647646111617	4.666326118710774	4.203188281156848	4.573049372074483	4.915337428447877	3.43012432576197	4.973230152228283	4.347821057648087	5.08639376122387	4.996097257615049	5.11216748269107	4.310019401405763	4.865164751189863
10.818201456004813	10.395839098196628	10.049162149518024	10.87025103168003	10.5929898640409	9.880220031263962	9.51515686433254	9.19566481373806	9.050214010662268	9.534554912754855	10.567499418106086	10.864716970732946	10.551450068326933	10.532181883579502	10.564380492243073	10.739197226248908	10.437955979191354	11.01764462178396	10.65057529836733	10.510937968414101
7.34995407129011	6.976305491975625	6.59551747877169	7.216607030781527	7.172622304799104	6.174653692161077	5.458827206735213	6.046613834566857	5.831790948036109	4.9046883150819776	6.526790451933881	6.881112497642476	7.095716974558362	6.9912125011295005	7.348149954083247	6.270311336091897	6.830735451261597	7.546666140124845	6.82985334587205	6.978347621036223
8.815277920606833	8.132471067879814	7.525522141610344	8.683171247510849	8.001110491886585	5.630444963910481	5.3994694363780775	5.4244854228220625	5.710195073175248	5.898704112971823	8.382187340350567	8.604541846013396	7.931508570292829	8.71171175532107	8.308990661260502	7.954561249725743	7.835749299714982	9.828019603806936	8.357692527150158	7.5499775170842565
10.349147874234308	9.707984721871119	9.31947527004337	10.452618542299307	10.409847808573792	9.595563080404766	9.06165449852539	8.88275747659789	9.387396221265844	7.986709884377425	9.87158836867798	10.223060075547295	9.759207394815975	10.225714440642143	9.814043238782022	9.597610855540095	9.634795437902405	10.859025657171134	10.196238028052115	9.496738099059037
8.039967792710474	6.541175089978023	7.5059056571491185	7.555822707107227	7.521178118637857	6.846077065869991	5.834323264243976	5.379423017008972	6.204003763799388	6.333748105159218	7.67570550355135	7.969298884003211	7.268290926815176	8.258485576794314	7.489150816361427	7.655912780513285	6.736096211219411	8.25001755435861	7.7471295988459925	6.939919069076478
6.679607594440087	6.596318424448992	5.8070221973746925	7.0088503542602965	7.272197833958512	5.899184691547127	5.208406498693166	4.601789770013216	5.898536624344593	5.119436332325402	6.375806367218367	6.627585195215307	6.490618430381186	6.403206386213345	5.545418703618184	6.585229265170464	6.480777533267224	7.061536024833894	6.537988350432608	6.893831268138834
7.550580849954647	7.654360454606881	6.719084067543498	8.059003592597804	8.085050693224737	6.392847074086339	6.575622662180408	6.337978543057204	6.570155887044756	6.226165797171856	7.654452881712789	8.016557753376546	7.603740671608244	7.468920514222526	7.485736784592691	7.457812646455813	7.436102602357696	9.14701847737239	6.829521224237469	7.4833852831455685
5.076314391374318	4.681957065728825	3.9370563802183467	5.096496228193581	4.824518227454976	4.800651885291208	3.7658982604888127	4.143739826848507	2.8323276628397855	3.5393510991456796	4.885348406698801	3.4526374211269313	3.28574670828866	3.2461671841884527	3.9272240613874776	4.168007786261014	4.261893884922827	5.433088160356099	4.361857825903664	5.230601362846067
4.510929027487401	3.27256256822321	3.122537123127885	4.329375629035218	3.7980726510634413	3.2574466766948396	2.0901866733169294	2.91459834672589	2.3927667611736902	3.346674619011792	3.5401124772845325	2.9063407806419734	3.6687311242488088	3.0944672835696734	3.1590616865933536	2.849762559957855	3.4974110832463547	2.9152802845356143	2.0334524536190344	3.429719577873844
6.704373266216418	6.622437712160329	6.310627138804151	6.904047120353865	6.1442087898377435	6.372421051933851	5.420254164801915	4.490029195044396	5.873360428837897	5.058975230451041	6.416675097756211	6.8588722472321555	6.065406756100367	6.203578328841917	5.7654390074478234	6.088372623763379	6.078420348486956	6.938269761798303	6.872429595241705	5.835389834422144
8.205541879650932	7.623047038416285	7.122547934830038	7.753803294300158	8.563897573154316	8.337036372532166	7.590217318611237	7.449066565352559	7.79250552033014	7.375133738754122	7.9425062576940535	8.002795809555813	7.9285560533328745	7.783882704716398	7.6821846997413505	8.153879044599075	7.979251296103984	8.540864284416568	8.014069678107804	7.788304242476382
8.790669314940136	8.656235335932525	8.201089981160303	8.9775432940955	8.804551391012277	8.078439328328955	8.238399011112596	7.741397964343729	7.619458866791581	8.065037724460394	8.025875747548174	8.416465697942265	8.55012884264096	8.737211216962901	8.33423580362851	9.089409304430136	8.801029626990093	9.627246278791873	9.219017948847046	8.227919660521854
5.308262137614952	5.357892449463802	4.752102778401532	5.0861489991313915	5.775420849544488	4.5326207976428226	4.693057791970133	3.7097388814476226	5.119374543224999	4.3499076267420564	4.749947777122652	4.611744353906475	4.714176603794742	5.446252623586941	5.317417263268961	5.2574144640070015	4.119118571848157	6.684157251680226	5.539287692910786	4.517290094434055
8.128820429271029	6.95521648569881	6.172964609726517	8.353454312399112	7.629280915649078	8.040221721909708	7.063007049816425	7.568617118013182	6.961757436218391	6.853965846936703	8.016766483293859	8.28377445712439	8.28620140592394	8.555817891673323	8.15267607917074	8.554460147793938	7.892525733905297	8.95389340653911	8.82597713226434	8.19456647616169
5.856352961302801	5.305797026215781	5.6747241078505075	5.953058505579412	5.285060941064802	4.732314946770032	4.2889357521032965	3.9381491909637254	4.624416684257244	4.356313910053244	5.150605723428178	5.573227867217798	5.526670145026371	4.856608460037387	5.215703722594906	5.362743232934962	4.948803032357997	6.407214429760239	5.441704537646321	5.443618255255237
5.852812313077113	5.730481507567035	5.377508245216272	6.5660157935972805	6.951211133924198	4.847234687173615	3.6924235366567615	3.0894072616498	3.6714235432211817	4.00558575351646	4.429808781117912	4.450119280831581	3.284690598110908	4.289873714781629	4.298598445220423	4.241398518462308	4.6833719880017375	4.7180807799442235	3.8706106915047367	4.325679827045665
12.468972259342834	12.597394746463692	11.69922158201345	12.389044901379064	12.577197580651438	11.926895420071796	11.284086012126386	11.014128365852496	11.46774304070347	10.909286040662213	12.10256145958057	12.277023431839	11.923391813350184	12.245877081360742	12.195345286856133	12.28215235737187	11.782078045841688	12.775020034495256	12.077283319989432	11.984835090509959
4.465331598941139	5.151127907526663	3.9387199275925386	3.9592850493071508	4.878608156225468	3.1389173485627584	3.1256596058661765	1.8181459058721763	3.214531069444795	2.9767908788431052	3.2598001747422853	3.7671738886557096	3.729551144692828	2.4784239118676226	3.4199630519677875	3.770541109499245	3.0314562446750704	3.879079049739039	3.4888015656010465	3.2003377612888237
5.758091283034151	4.738438017854115	4.821444492500096	5.147750617005051	5.276024007420963	5.38020325788826	4.111635778021015	3.538934722533436	4.425097895863998	3.4608375647884606	4.94765706937792	4.727265631282238	5.937682361707073	5.456953292260209	4.685027466360761	4.540625957355809	5.309369600996882	5.568862141446991	5.783339495859481	5.382880119605547
5.4510029736549725	4.176984036040695	3.77315996077549	5.004112173126176	5.180672747246063	3.7037456006600125	4.079893834605797	4.001833584933001	4.37924525369939	4.0007604524894305	3.9970035417280045	4.755687960996897	4.780545371793251	4.648260692683932	4.800643098856363	4.715864805533392	3.7910313552757136	5.336344944178325	5.2997488850661405	4.475043779130174
7.8328238892399975	8.346697697639868	7.759009070596563	8.104176721423181	8.409243163029107	7.110853962196923	7.0414838809959654	6.824079736874201	6.615841120454517	7.093777589796695	7.824563840631365	8.234576087749419	7.277659438894375	8.41202609472597	7.83634058850145	7.823719628136543	7.734229705081485	8.47478204267914	8.175841986137511	7.426604968411927
2.9111940333027286	1.896989763984353	3.063633655422521	4.057198026440262	2.793884462124368	3.160658678268487	1.934126404846899	1.7789355066883648	2.178292523216725	1.6795262234128658	2.2142642958707834	2.837435674644652	2.1783795365510943	3.8555863639204393	2.6202996617398617	3.9558769474791466	4.165826829346935	4.659850330546689	4.375664633251049	4.14514641439471
7.991299154847443	7.7561676293144615	7.228576498153351	8.067528648066691	7.933735274688565	6.917413711622077	7.143800343146378	6.737649656155493	6.21840132672592	6.527111126750765	7.8909499921586965	7.864380983000983	7.724772432887909	7.625309538563883	7.739546343341713	7.786688943787285	7.109442660241788	8.42085363937256	7.905544939399599	7.3927895220267015
2.3864352034900658	2.388581914559831	1.6184974475039957	3.5908046381534966	2.983974210562937	1.6048135504951637	2.156177241047744	1.891746337957142	2.5380299354360107	1.7278304082604972	1.8090180551814659	2.6926251706639643	2.6898977840123917	2.8113781035966507	1.6673592854288453	2.5010180211091124	2.2856899514738647	3.069586711619641	1.5051274810179003	2.1080440694558398
6.660558463632221	5.881891012911344	6.0564574235921596	7.198136185369671	6.514762421148156	5.346094219554139	4.835738061814289	4.8893644241329675	5.149099237099736	4.032335341008204	5.979297432251103	5.383332623317894	5.069899522055511	6.367168829942299	5.779252327020513	5.829506169798636	5.759974003551665	6.8252614357517425	6.334839951565274	6.1228169496166425
