ID	Cell7	Cell9	Cell10	Cell11	Cell16	Cell18	Cell20	Cell22	Cell24	Cell26	Cell28	Cell30	Cell33	Cell35	Cell38	Cell40	Cell41	Cell42	Cell43	Cell44	Cell46	Cell49	Cell51	Cell52	Cell53	Cell55	Cell56	Cell62	Cell63	Cell65	Cell66	Cell67	Cell68	Cell73	Cell76	Cell77	Cell78	Cell79	Cell80	Cell81	Cell83	Cell85	Cell86	Cell92	Cell93	Cell94	Cell95	Cell97	Cell98	Cell100	Cell101	Cell102	Cell103	Cell106	Cell107	Cell109	Cell111	Cell113	Cell114	Cell115	Cell121	Cell122	Cell123	Cell124	Cell125	Cell126	Cell128	Cell129	Cell133	Cell134	Cell135	Cell137	Cell138	Cell140	Cell142	Cell143	Cell144	Cell146	Cell147	Cell148	Cell152	Cell153	Cell155	Cell156	Cell158	Cell161	Cell164	Cell165	Cell167	Cell169	Cell171	Cell172	Cell178	Cell179	Cell180	Cell182	Cell183	Cell184	Cell185	Cell187	Cell191	Cell192	Cell194	Cell196	Cell198	Cell199
Gene1	288	347	263	173	389	358	249	318	224	378	267	277	325	479	281	355	327	251	274	303	303	318	278	385	227	341	371	311	263	354	362	252	385	238	302	333	277	249	179	315	329	252	236	374	224	344	310	305	366	143	274	225	237	357	209	359	1615	1069	2086	1375	1583	1554	2032	2130	1691	2595	1631	1555	1607	2508	1688	1511	2262	1466	2354	1339	1649	1145	1830	1419	1362	1283	1670	1759	1262	1516	1115	1743	2899	1152	2799	1478	2086	2169	1519	1674	1991	2017	1693	1394	1786	2000	1885	2365	3049	2188
Gene2	105	145	85	102	191	149	112	124	98	133	70	111	121	155	77	183	118	83	131	149	190	217	156	191	140	136	137	104	51	160	158	119	165	93	121	105	131	120	124	135	110	148	94	115	136	75	139	143	100	62	127	90	87	94	79	193	75	87	172	148	138	135	134	143	195	128	128	106	172	211	179	116	119	80	115	108	133	104	121	73	117	124	178	171	120	144	140	144	231	124	143	134	115	142	99	136	164	117	165	159	194	133	131	182	147	151
Gene3	1017	938	1085	875	1812	1803	1275	1506	807	1506	888	1011	1285	1481	1381	1747	1326	986	1202	1012	1130	1195	1171	1833	1358	1734	1782	3982	2112	5547	4646	2594	4484	3442	2723	2834	4320	3078	4117	3715	3456	3338	3765	4463	3799	3794	4526	5375	3367	2735	3268	2237	3017	4194	2967	4033	1114	874	1318	1455	1510	1556	1481	1576	1838	1907	1208	1320	1331	1590	1408	1058	1404	1071	1153	1182	1868	883	1525	1370	1190	1114	1692	1560	1393	1636	1069	1434	1921	804	2089	1167	1302	1600	825	1097	1306	1361	1067	1383	1725	2030	931	2206	1828	1447
Gene4	15	4	16	41	132	109	72	69	69	63	52	100	51	56	70	109	72	41	73	44	66	65	39	97	67	52	65	460	170	556	430	343	447	338	371	342	297	259	385	524	302	266	310	390	349	376	364	455	370	197	200	130	366	367	397	400	48	43	100	61	77	66	90	65	65	93	74	42	63	83	46	60	68	69	44	58	100	42	76	32	74	33	46	66	57	75	50	40	104	58	62	41	83	76	29	52	134	55	63	53	74	54	51	73	93	75
Gene5	16	12	5	2	23	18	13	10	8	12	6	11	21	25	10	10	8	6	14	16	6	9	11	11	6	18	14	20	24	15	14	5	12	7	6	10	15	10	14	18	8	3	9	5	7	9	17	16	12	1	6	5	10	8	1	15	9	12	6	17	17	16	4	18	8	21	15	12	11	16	16	5	12	6	14	10	28	13	33	11	4	8	9	9	11	10	3	28	28	14	26	7	14	14	13	20	21	18	19	14	26	16	6	18	17	15
Gene6	139	153	230	153	226	181	187	245	152	221	147	172	137	247	167	244	144	142	167	240	118	205	216	258	135	239	307	194	115	303	107	134	306	169	159	214	110	119	189	179	183	123	126	146	138	157	244	196	207	90	134	71	174	134	115	216	183	165	241	200	159	184	157	193	204	281	214	146	167	146	222	118	201	179	232	196	243	126	201	139	174	214	254	219	183	180	126	169	273	178	243	128	137	204	198	216	142	144	138	157	279	227	197	181	238	181
Gene7	103	192	152	118	197	202	152	146	123	182	126	150	178	210	174	258	159	114	163	161	151	133	134	216	166	190	168	150	75	215	178	157	190	163	139	152	226	120	158	153	159	142	135	120	132	112	178	200	160	76	162	91	107	159	103	120	162	135	118	217	129	192	154	171	149	211	117	148	183	254	176	127	176	130	182	126	230	135	204	167	175	136	220	185	109	236	165	190	248	100	294	91	181	165	124	157	210	153	159	173	172	224	155	203	194	187
Gene8	0	0	1	1	5	0	0	1	1	1	0	1	0	2	1	0	1	3	0	0	1	5	2	5	2	0	1	1	0	3	1	1	3	2	2	1	0	0	0	2	1	2	3	1	1	1	2	1	1	3	0	0	1	1	0	4	0	2	5	1	2	0	0	0	3	1	0	7	5	5	2	2	0	0	3	0	6	2	3	1	3	4	4	2	0	1	1	4	2	2	15	2	2	4	3	5	3	0	2	7	0	4	4	3	3	2
Gene9	28	47	67	27	92	55	31	40	42	38	58	43	67	52	51	59	53	28	27	44	63	82	26	54	58	45	55	269	145	327	222	225	399	226	235	268	254	239	286	259	233	272	180	351	262	287	305	360	172	145	254	165	207	289	208	306	30	31	66	39	80	61	61	66	71	85	40	52	48	72	57	33	54	32	34	57	98	62	89	24	56	48	96	97	79	67	48	54	116	39	87	43	66	107	60	62	102	63	51	52	79	71	50	63	65	78
Gene10	29	46	35	28	73	54	36	32	33	53	30	39	42	37	44	61	38	35	36	37	53	48	32	69	24	63	48	46	20	45	47	56	75	44	38	36	44	35	38	22	37	36	35	60	33	38	56	42	44	27	41	18	44	32	21	51	30	30	34	47	55	47	30	52	59	45	39	60	46	55	27	22	40	41	32	34	52	18	67	25	47	33	53	44	39	62	38	49	56	22	66	20	58	33	46	63	34	49	21	65	50	63	32	73	56	37
Gene11	2	0	3	0	3	9	1	3	12	4	2	7	7	10	1	8	9	8	5	5	12	5	2	7	3	3	1	1	0	3	5	1	3	3	7	3	7	1	7	1	2	2	2	0	2	1	6	0	4	1	1	1	1	11	0	2	2	1	1	7	4	2	3	1	2	8	2	5	10	2	5	4	4	6	5	3	6	3	4	8	0	10	4	2	7	5	2	5	5	10	4	1	2	1	0	1	6	4	8	1	1	5	2	6	4	4
Gene12	2666	3792	3422	1969	4452	4174	3435	4157	2736	3591	2747	2783	3532	5215	3239	4402	3326	2670	3610	3865	4073	3969	3663	7000	3332	3986	3568	3648	2316	4703	4062	2604	3960	3563	3014	3783	4097	3117	3207	3318	3191	3346	2834	3540	3247	3119	3709	4988	3147	2084	2560	1807	2547	3461	3347	3931	2472	3094	3501	3443	3983	3680	3592	5453	4151	4842	2872	3650	3917	4814	4046	2951	3400	2793	3308	3506	5170	2692	5140	2625	3386	3393	3807	4986	3609	4234	3081	3242	6357	3446	5297	3170	3499	5177	2862	3563	3924	2981	3324	4111	4591	4074	3223	4964	3955	3863
Gene13	244	401	293	204	446	436	271	306	180	332	253	310	305	386	262	419	266	232	289	242	351	383	278	364	303	340	479	291	197	362	251	188	532	318	246	307	274	263	288	277	263	331	294	303	248	261	320	414	323	204	208	176	360	388	204	325	333	218	349	244	268	273	262	472	336	261	331	284	301	420	420	295	334	245	290	252	464	241	298	248	250	314	332	372	263	317	191	301	590	227	432	338	352	408	223	354	294	292	276	319	291	302	390	423	494	422
Gene14	0	2	0	1	1	0	2	0	2	0	0	0	1	1	0	1	0	0	1	1	3	1	0	0	1	11	4	73	22	66	41	42	37	33	58	79	28	40	19	47	60	35	37	67	45	68	52	97	33	17	38	13	42	37	26	35	1	0	3	1	2	1	4	1	0	7	1	0	0	2	0	1	5	1	1	1	0	3	1	0	0	0	1	0	1	5	0	1	2	0	3	2	3	0	0	6	1	4	0	0	0	1	0	1	3	4
Gene15	1022	1394	1414	669	2004	1610	1202	1002	922	1815	1058	1038	1294	2158	1320	1762	1215	867	1225	1242	1133	1344	1080	1655	1169	1579	1869	1523	783	1637	1157	948	1844	1316	1230	1264	1226	970	1426	1625	1081	1207	867	1308	1377	1179	1631	1149	1149	797	918	681	1256	1323	1083	1372	1127	979	1320	1364	1165	1493	1512	1751	1449	1809	1293	1143	1343	1846	1357	1071	1410	1248	1192	1099	1914	965	1741	1194	1478	1100	1975	1660	1142	1283	1298	1437	1824	1072	1996	1043	1609	1389	962	1410	1371	1161	1148	1515	1583	1502	1404	1690	1638	1289
Gene16	38	64	53	48	103	127	59	81	53	85	50	33	61	92	84	58	58	58	90	65	70	65	60	74	62	83	112	40	29	110	74	52	78	73	37	67	64	73	60	88	47	67	59	68	84	54	78	74	83	55	44	32	65	56	65	103	64	56	49	88	69	33	89	105	55	110	33	49	72	117	79	54	90	71	108	41	90	84	100	63	87	50	78	100	89	68	66	51	62	50	83	59	83	101	62	73	76	60	35	106	50	111	55	108	88	76
Gene17	3	7	4	6	8	2	7	1	13	10	2	5	11	1	2	1	1	0	4	1	2	8	4	1	4	4	1	2	1	3	2	0	2	2	6	11	2	8	1	9	2	13	1	2	4	1	6	5	3	2	8	1	5	0	8	7	5	0	1	3	3	6	0	1	4	2	2	3	4	3	2	3	10	0	4	3	1	6	5	0	3	6	13	4	5	4	1	5	3	0	10	1	11	9	1	1	8	10	2	1	9	5	3	2	6	4
Gene18	55	109	139	66	216	203	124	94	123	229	109	110	155	139	145	121	132	94	132	116	131	131	92	217	142	167	214	152	94	115	154	99	173	151	122	138	168	105	122	151	140	137	116	105	134	124	123	128	116	68	94	57	107	113	114	119	111	70	148	161	74	123	195	221	199	146	90	107	143	168	144	127	117	72	125	116	235	105	175	126	158	150	136	180	133	138	76	96	244	105	208	135	146	183	119	154	155	188	107	102	178	173	171	174	217	248
Gene19	35	33	61	44	45	53	57	68	39	58	53	53	51	77	54	105	56	35	54	66	97	80	44	94	52	35	54	37	16	46	61	59	64	109	48	76	42	70	53	40	55	56	63	80	27	49	45	68	70	40	49	37	46	42	37	63	29	41	36	59	33	51	89	72	47	62	58	71	71	68	80	43	29	56	56	41	117	23	53	30	35	55	61	60	49	47	43	42	94	66	115	47	89	43	60	81	99	94	47	81	50	63	55	83	83	57
Gene20	56	145	64	106	138	166	95	114	97	96	33	108	161	163	132	161	191	130	145	126	98	178	102	127	106	136	183	177	78	142	103	132	120	85	106	89	110	110	124	183	103	124	96	121	84	128	139	121	143	109	54	77	109	115	89	120	146	110	82	110	145	105	153	167	98	137	144	148	113	146	160	120	145	166	107	130	99	81	121	154	108	92	173	188	130	113	88	142	187	103	142	106	127	130	130	149	136	125	132	140	173	200	147	158	105	96
Gene21	10	22	9	11	15	17	12	5	6	10	10	20	17	6	18	13	3	6	7	7	10	14	11	28	14	22	10	9	15	6	6	9	22	3	10	14	11	5	17	17	9	8	4	14	13	10	16	3	10	5	11	7	15	6	7	10	7	13	13	9	17	12	14	15	9	12	10	16	11	26	30	10	19	6	20	8	17	5	17	8	7	13	8	15	10	33	11	20	31	17	15	4	23	7	6	11	7	17	16	28	3	13	13	11	16	11
Gene22	12	13	18	13	20	41	12	16	7	25	21	25	16	26	12	16	8	9	14	22	13	20	18	31	28	16	16	37	5	31	15	9	17	15	7	13	19	21	7	19	15	15	9	13	13	13	18	11	28	21	12	1	15	16	20	22	11	29	20	13	28	20	8	18	5	26	29	14	21	15	9	9	34	12	4	15	14	9	23	10	16	17	8	24	32	10	12	22	31	31	12	35	22	18	10	23	16	24	36	28	19	20	4	20	9	21
Gene23	168	242	222	131	318	439	227	326	200	301	197	288	263	348	312	282	289	170	343	312	242	247	299	408	281	341	306	352	157	365	239	278	348	228	308	253	260	220	218	250	193	187	297	312	211	248	238	402	287	223	244	140	187	336	211	350	235	196	296	264	292	283	209	246	353	395	224	241	203	422	324	268	239	215	297	210	243	162	292	222	229	255	302	319	259	315	187	256	511	208	361	231	400	282	191	280	332	238	282	346	455	389	248	538	388	244
Gene24	16	16	19	12	20	29	11	16	11	17	17	11	20	60	18	21	28	16	24	15	21	25	23	38	16	28	31	22	11	19	11	10	21	12	26	33	31	20	20	34	16	24	40	12	8	19	39	28	13	18	13	9	25	30	22	16	1	0	2	4	3	1	0	1	0	0	1	0	2	6	3	0	1	1	0	0	2	0	2	0	1	1	3	5	3	1	0	2	0	1	0	0	3	2	0	1	0	1	0	6	2	1	1	1	1	4
Gene25	40	33	53	52	105	54	72	60	33	108	76	45	59	76	87	68	60	27	60	72	55	54	61	94	96	64	106	64	32	79	78	37	53	61	61	62	84	78	52	41	54	87	54	75	46	52	72	83	61	53	66	30	55	38	56	73	50	48	100	59	59	52	61	48	67	105	63	80	52	93	55	57	57	63	89	61	77	41	84	53	54	50	67	68	57	76	31	59	94	47	95	49	75	74	47	89	57	54	58	81	51	68	73	82	101	85
Gene26	61	97	58	39	74	92	58	78	49	91	67	47	56	185	84	97	68	65	75	123	63	95	58	84	98	92	101	127	37	98	69	47	94	49	44	61	60	61	53	65	93	63	53	69	91	87	129	63	62	49	67	37	48	101	58	52	269	232	289	258	270	255	277	341	383	291	340	196	354	266	257	220	296	262	212	260	272	173	202	230	228	178	293	380	226	224	283	191	380	152	338	250	304	340	203	314	228	279	324	341	389	314	327	434	407	333
Gene27	228	345	370	249	341	349	262	352	222	434	279	302	303	469	410	421	418	241	310	305	401	351	225	529	290	368	413	288	161	355	393	302	455	246	301	369	400	337	246	357	375	249	262	351	351	371	298	585	238	188	297	126	341	353	211	304	312	253	362	442	433	231	297	299	227	437	328	361	441	456	291	197	296	247	435	292	411	263	364	233	248	284	369	383	316	410	270	298	525	228	520	250	382	584	250	351	293	277	249	268	377	410	308	414	421	439
Gene28	393	626	788	360	645	848	656	635	522	881	554	417	751	737	728	832	559	415	813	676	718	572	505	1067	608	595	830	768	378	723	629	391	830	510	584	600	626	579	628	702	574	554	507	725	563	596	684	788	468	267	457	243	645	556	559	736	521	502	617	622	689	562	536	770	600	577	537	669	583	1001	751	504	423	633	506	486	883	475	714	502	521	598	765	927	662	887	542	546	998	523	727	530	844	695	516	611	686	535	508	792	689	857	525	961	873	510
Gene29	139	89	156	68	124	90	71	115	65	142	74	73	124	185	81	102	64	71	77	89	120	125	99	231	115	81	110	102	62	94	161	69	104	53	91	126	113	83	90	104	98	84	84	112	92	61	95	112	88	65	101	44	62	147	77	61	59	77	98	105	156	113	124	145	78	123	85	82	92	154	138	66	141	68	52	104	140	64	103	69	86	102	96	169	65	104	77	70	145	53	146	102	138	76	66	58	77	137	79	133	121	118	82	168	124	123
Gene30	17	20	26	11	39	22	16	30	21	29	38	17	18	15	29	14	6	20	21	20	12	22	24	25	16	37	37	24	9	37	10	14	20	25	19	12	16	21	19	15	15	11	8	34	28	22	15	24	18	7	28	11	39	26	9	13	13	14	16	21	25	14	16	27	22	15	24	32	24	32	41	12	24	13	16	26	23	16	22	22	16	12	16	24	18	20	10	30	34	24	26	14	21	29	19	11	23	25	14	14	24	26	16	28	21	25
Gene31	121	168	164	59	133	171	103	154	145	165	81	129	154	184	122	170	169	78	140	134	137	152	141	177	105	138	188	162	70	163	115	96	209	174	142	161	160	139	146	176	158	127	99	121	149	141	181	179	118	62	114	67	151	170	119	184	112	108	192	192	170	120	103	156	177	196	142	131	200	222	118	139	170	105	124	116	151	147	168	95	129	127	151	170	90	182	102	155	221	113	196	103	174	147	95	115	122	154	159	155	152	173	160	206	198	196
Gene32	38	57	37	63	151	54	66	43	45	68	97	46	62	99	90	108	55	39	85	66	63	93	59	93	90	81	74	69	54	93	50	79	117	81	64	78	83	77	52	64	54	67	51	79	55	43	95	77	69	35	39	23	48	83	53	82	25	67	44	69	39	74	73	62	47	99	50	56	75	99	96	46	65	52	45	73	67	63	73	59	40	66	72	96	85	71	55	34	100	55	71	33	50	77	70	60	105	75	65	77	65	86	44	125	101	71
Gene33	65	87	90	49	94	122	36	89	56	97	102	94	80	107	112	105	58	34	84	119	92	103	83	129	47	110	113	84	89	119	76	96	150	77	99	66	108	50	73	114	58	56	48	99	62	103	66	146	61	57	60	34	83	108	85	99	78	80	108	69	92	95	71	134	119	129	78	111	62	115	87	70	87	165	78	77	68	66	73	107	94	90	70	89	111	57	79	81	97	50	113	65	127	108	61	76	102	95	108	71	154	109	71	135	68	95
Gene34	16	10	14	10	11	27	15	22	13	5	23	14	13	20	21	7	12	11	10	12	14	14	6	15	16	19	7	18	13	11	10	8	4	3	13	16	6	16	6	8	13	10	7	7	5	7	6	9	10	15	9	4	3	8	7	22	7	4	9	13	17	14	10	7	22	25	13	19	2	22	12	8	12	13	10	15	13	4	15	2	8	13	18	0	4	14	10	11	19	5	10	22	13	8	4	2	7	8	8	8	19	10	7	15	13	20
Gene35	80	134	150	3	3	5	13	5	0	5	11	0	10	8	10	1	8	6	7	2	5	17	1	8	19	23	24	21	28	45	22	16	45	53	12	34	44	26	40	23	29	27	11	71	36	23	22	35	35	25	34	17	23	23	31	40	15	12	33	39	16	23	43	36	26	44	30	18	41	32	51	33	49	24	30	28	43	27	34	31	16	27	55	37	30	50	43	42	28	18	66	6	30	32	22	30	22	39	36	31	41	85	28	49	71	23
Gene36	180	276	310	122	206	337	259	171	163	343	181	183	235	332	244	397	220	213	248	263	241	307	246	407	245	265	267	259	176	343	327	209	315	229	302	157	336	198	176	211	250	336	170	200	225	324	314	287	186	128	217	119	285	193	270	326	181	162	291	264	264	253	214	292	208	467	192	353	291	309	249	164	274	256	241	227	350	214	321	201	260	237	255	207	266	256	144	263	314	221	393	251	254	249	237	338	270	259	176	275	293	438	234	385	306	326
Gene37	81	116	128	16	21	14	14	7	9	11	14	5	16	10	8	4	7	19	8	8	15	8	9	12	2	13	12	178	49	179	122	114	149	117	98	86	109	101	88	188	105	87	58	92	82	133	113	191	34	47	143	70	75	97	88	83	86	72	183	149	147	116	118	91	112	174	111	96	107	208	156	118	104	101	81	101	183	73	173	100	102	96	108	106	104	91	112	117	209	87	237	137	104	109	54	179	160	130	116	139	182	184	123	148	240	224
Gene38	16	7	3	4	6	3	22	13	2	15	7	4	0	15	9	7	8	9	3	4	4	6	4	6	1	1	9	7	2	6	3	8	5	2	2	10	2	0	1	15	6	1	7	7	11	7	5	11	2	2	1	4	11	0	5	8	5	6	4	7	7	1	2	9	3	8	5	5	14	7	3	2	9	5	4	3	6	2	7	16	2	1	4	3	8	5	9	7	18	2	4	3	11	9	11	4	10	9	1	9	7	3	6	6	13	4
Gene39	133	196	210	186	280	295	263	167	138	253	202	131	195	311	244	249	176	197	207	208	209	244	217	336	237	286	285	307	163	255	338	249	212	206	215	282	298	164	252	209	204	275	181	260	191	201	208	292	222	164	231	154	257	232	209	338	238	150	171	279	240	194	287	276	240	383	182	192	304	382	267	152	229	234	205	186	389	246	324	252	237	190	246	315	189	265	225	217	324	179	280	185	293	215	168	162	173	188	208	220	220	331	254	368	336	266
Gene40	2	4	5	2	5	8	2	2	1	20	3	5	4	5	2	12	4	5	2	1	7	6	1	15	4	5	2	2	3	9	1	4	8	4	11	7	12	3	4	0	6	3	2	2	8	2	2	6	1	1	5	7	4	16	0	2	4	4	3	13	3	1	5	8	7	8	8	7	12	12	3	8	4	1	9	7	9	0	3	3	3	2	3	4	3	2	10	7	2	4	7	3	3	5	3	6	6	10	13	2	6	8	4	3	6	14
Gene41	5	17	7	9	5	12	12	4	17	13	9	5	20	15	19	9	11	14	17	19	16	14	16	8	14	17	10	8	16	8	18	14	6	14	11	8	15	14	7	13	4	4	8	10	6	13	13	10	7	6	3	6	7	15	1	13	9	12	17	7	13	10	12	13	10	38	8	16	8	18	18	7	1	14	9	18	10	3	22	5	8	7	15	19	16	16	11	6	17	8	16	17	7	25	8	7	12	12	10	20	11	10	15	23	14	15
Gene42	272	288	418	275	631	480	277	260	261	513	326	286	268	517	217	485	409	226	346	459	300	470	355	486	328	459	344	369	198	315	323	280	361	379	303	395	395	427	313	241	288	359	244	507	340	329	451	469	385	173	286	151	312	291	279	280	295	208	363	393	287	398	392	322	476	548	392	349	476	469	370	250	362	271	338	343	537	387	558	250	418	365	452	346	347	435	339	416	700	182	473	300	381	517	352	402	380	315	302	402	497	401	419	410	459	334
Gene43	27	15	36	10	15	22	18	15	8	14	7	12	8	14	21	36	12	15	9	14	30	16	18	27	15	5	16	16	11	16	30	17	9	11	21	12	4	23	11	20	16	17	11	4	14	8	2	20	7	8	17	1	26	9	13	9	21	16	8	7	30	12	17	7	14	24	14	14	9	12	16	41	23	20	22	17	22	15	35	12	20	8	25	27	6	8	9	19	11	10	13	12	17	18	7	33	18	13	11	21	11	15	21	14	21	17
Gene44	276	469	412	249	625	557	381	452	291	584	364	360	470	668	443	539	394	250	297	389	405	507	253	630	331	496	545	603	266	601	361	282	534	463	391	373	542	310	547	363	406	457	368	394	447	329	625	521	366	306	263	249	438	433	352	522	274	283	488	427	460	466	439	422	493	620	352	495	356	672	465	550	430	438	540	334	566	307	630	334	435	272	481	425	434	464	410	415	579	320	608	284	469	556	320	550	408	470	346	534	378	524	390	578	452	547
Gene45	128	213	217	121	252	245	222	155	142	193	158	172	163	338	194	207	166	119	188	184	258	183	203	269	187	181	137	258	144	158	236	159	283	230	137	209	179	109	174	152	162	194	100	142	191	248	153	214	113	102	97	66	194	197	161	165	306	216	315	342	284	342	283	333	324	471	333	280	372	528	323	148	429	239	309	312	402	249	364	164	343	274	439	335	216	345	219	264	596	237	580	261	348	278	258	334	324	343	335	407	329	401	274	368	361	308
Gene46	14	12	13	5	9	8	8	18	16	9	9	8	6	8	6	13	11	16	3	19	6	18	2	10	6	15	33	8	4	18	14	10	12	15	4	21	22	7	10	13	6	4	6	8	14	5	2	6	10	6	7	8	13	20	13	11	4	13	20	8	4	14	17	18	13	13	2	3	14	14	8	5	5	11	10	13	7	3	14	7	10	5	15	9	4	10	5	2	16	8	15	3	19	16	11	15	12	10	16	12	8	14	13	22	4	16
Gene47	201	152	189	167	280	275	182	240	139	289	159	112	165	297	252	258	175	137	260	356	242	276	245	365	179	180	269	198	126	315	191	191	362	189	176	132	193	91	162	190	166	162	156	320	166	147	216	277	199	148	85	176	141	149	205	213	175	180	183	185	300	184	152	222	253	276	206	210	256	330	293	137	236	218	241	275	148	132	218	174	210	220	145	270	293	252	195	210	232	153	252	167	224	259	168	143	227	281	139	209	282	253	168	204	180	223
Gene48	5560	8904	7599	4615	8612	7389	6292	6615	5913	8990	6054	6715	6536	10339	7402	10674	5646	4894	6711	7329	7905	8166	7079	10931	6598	8610	7818	8878	5279	10893	6346	5368	10207	8186	6142	7647	7553	5597	7289	8621	5902	6778	4869	7806	7701	8240	8416	9066	7069	4943	5009	4073	5292	7371	5901	8951	5987	5780	7024	9054	7766	6259	8256	8293	7716	12584	6415	7672	7882	9392	10754	7234	6817	6390	6956	6315	9720	7379	9039	5825	8494	5605	8498	7286	7223	7924	5938	6838	10786	5655	11618	5372	8478	8744	6104	6638	7462	7926	6796	6535	8494	9383	7245	10509	9646	9321
Gene49	37	78	61	65	109	91	90	54	73	87	68	55	55	137	67	96	72	42	86	83	105	84	43	97	77	69	89	107	36	70	86	55	107	56	63	60	67	31	66	93	68	65	73	65	48	60	111	91	55	29	79	56	61	86	50	85	70	47	99	71	95	68	94	100	88	78	59	109	54	90	117	52	71	92	70	65	84	60	75	63	87	80	83	119	45	95	47	85	102	48	106	44	86	77	75	87	56	69	88	95	85	136	80	117	132	87
Gene50	2468	3692	3018	2042	4257	4303	3004	3682	2367	3183	2309	2766	3182	5600	3224	5377	3269	2256	3348	3266	3483	3300	2461	4432	3199	3375	5657	3726	2405	4808	3368	2585	4743	3571	3133	3297	3404	2508	3008	3230	2354	2742	2501	3644	3354	2306	4725	4667	3891	2662	2403	1706	2646	3953	2219	3627	2505	3461	3808	2646	3698	3499	3407	3361	3409	4205	3086	2482	4000	3813	3467	3102	3872	2986	2931	2714	4623	2283	4512	3007	3221	2282	4043	4489	2584	4745	2959	4122	6482	2730	5564	2679	3758	5689	2676	3231	3325	3517	3029	3916	4051	4990	3047	4163	4432	3783
Gene51	410	542	524	183	297	412	321	338	228	345	201	233	368	356	313	451	270	243	271	252	398	368	288	406	278	353	435	343	189	458	275	234	405	315	314	329	328	224	317	286	245	245	207	286	283	193	513	399	187	214	238	191	279	238	350	262	208	195	320	263	395	285	299	282	350	458	277	266	330	403	319	196	303	235	232	296	447	168	427	241	289	201	456	323	269	327	327	328	443	179	376	231	323	364	242	261	346	265	359	273	350	259	402	465	494	367
Gene52	262	341	379	203	635	446	463	323	214	451	256	372	540	458	382	659	369	150	346	360	383	461	295	549	277	369	426	408	257	518	474	302	574	382	221	456	342	278	430	427	317	363	304	434	373	360	487	436	380	171	263	154	291	321	329	424	326	383	383	384	414	402	462	402	448	435	396	345	394	720	427	212	472	258	294	243	410	349	381	386	341	352	430	457	375	520	248	281	588	252	438	315	474	367	386	372	357	334	262	428	499	459	364	720	490	313
Gene53	193	237	144	3	5	2	5	0	2	3	3	1	4	11	11	10	7	1	0	7	7	3	3	4	11	4	2	8	0	3	11	11	6	6	2	4	3	1	6	7	5	3	3	5	2	5	5	3	2	1	3	7	0	5	6	8	10	2	2	1	7	4	2	5	4	6	0	7	0	6	3	5	7	7	10	2	4	3	3	8	3	5	3	5	5	8	9	2	4	1	6	6	7	2	1	1	7	9	3	9	4	4	2	6	8	4
Gene54	310	420	407	279	449	401	335	416	251	367	349	311	374	464	362	468	422	318	348	443	398	485	409	491	405	351	462	417	201	442	503	379	514	375	293	408	409	313	490	422	328	351	339	330	388	403	437	542	258	277	322	236	446	355	415	394	317	253	465	459	392	313	434	352	452	658	381	360	410	539	382	392	443	365	410	291	658	265	463	381	408	330	547	446	313	396	319	354	535	286	566	413	466	465	265	469	378	427	361	422	509	517	398	652	508	422
Gene55	392	816	615	574	1124	1134	888	906	618	873	599	613	678	1365	923	1116	836	583	937	744	840	914	695	1133	778	899	1070	1170	641	1009	805	741	1167	644	784	909	783	863	863	1070	727	837	548	857	827	857	988	1115	701	556	683	432	595	1007	729	912	655	676	1025	818	766	677	882	1162	806	1198	678	610	716	1085	916	651	937	799	656	668	1055	694	952	647	704	648	1124	919	702	826	679	954	1207	585	1255	730	949	1276	763	761	793	770	817	995	950	1142	812	958	1138	1087
Gene56	112	142	153	94	183	192	125	174	150	162	123	110	190	165	206	177	178	164	144	119	199	156	137	276	207	188	159	116	85	188	165	108	197	103	141	135	201	97	206	187	100	150	104	199	154	131	145	225	150	92	120	92	173	137	133	167	122	104	171	157	175	118	170	138	228	175	145	178	178	158	186	91	178	138	102	155	187	142	172	145	127	83	151	221	176	197	127	155	180	119	184	152	170	142	128	151	152	161	115	170	183	165	139	180	185	134
Gene57	68	109	103	116	162	157	102	81	83	116	63	67	87	157	83	188	99	58	114	164	138	261	103	133	113	89	127	134	77	97	110	93	201	117	126	91	158	65	93	98	84	105	120	97	121	85	146	81	67	59	66	73	60	118	84	144	412	430	581	502	717	594	535	774	666	1061	443	669	506	557	693	614	532	541	496	674	746	455	700	477	471	473	896	823	455	666	492	585	779	486	781	662	985	763	407	729	633	591	678	694	993	732	572	699	656	613
Gene58	160	317	420	235	419	268	281	222	208	363	251	268	351	295	244	424	303	168	322	369	302	280	274	396	294	379	380	407	167	336	391	330	480	398	270	356	373	239	283	259	292	337	152	303	313	277	330	305	338	219	321	127	275	290	210	251	251	231	435	237	278	254	348	337	279	424	287	286	284	449	302	281	353	202	247	277	350	301	561	245	225	276	329	536	308	347	190	268	430	226	310	197	402	300	201	379	409	255	203	346	383	382	316	365	402	340
Gene59	0	0	0	0	0	0	0	0	0	0	2	0	0	0	0	0	0	0	0	0	0	0	0	0	0	0	0	0	0	0	0	0	0	0	1	0	0	0	0	0	0	0	0	0	0	1	0	0	0	0	0	0	0	0	0	0	2	0	0	2	0	0	0	0	0	0	0	3	0	0	0	0	0	0	0	0	0	0	1	0	0	0	0	0	0	0	0	1	0	0	3	0	0	0	0	0	0	0	0	0	1	0	0	0	0	0
Gene60	30	48	30	14	21	27	19	45	13	24	26	22	26	28	16	35	28	10	17	32	47	10	19	10	10	30	47	36	7	36	42	26	29	35	27	30	29	22	35	29	23	39	18	31	31	32	29	37	48	33	10	11	12	32	11	40	15	14	18	43	30	29	37	35	19	28	31	14	20	18	24	13	25	26	13	24	48	9	40	21	27	30	25	64	19	22	16	19	52	25	32	18	47	23	16	24	18	41	25	30	21	34	30	36	32	28
Gene61	1	8	3	1	1	0	4	3	3	4	12	0	0	3	2	1	4	0	1	0	1	0	1	5	1	6	0	2	2	1	4	1	1	3	1	3	4	2	4	3	2	2	1	5	8	3	1	6	1	5	4	2	3	0	1	2	0	1	4	3	1	0	2	6	5	10	0	3	5	3	2	0	8	0	3	3	5	1	17	3	1	9	1	1	0	3	3	5	11	1	2	3	3	1	1	1	4	3	4	1	3	3	2	7	5	8
Gene62	134	215	154	126	309	247	147	254	113	206	168	264	206	190	173	248	182	104	218	184	165	283	185	253	179	225	203	191	130	237	177	204	289	175	176	178	194	184	182	270	141	147	121	215	194	153	162	226	124	106	177	114	151	206	175	244	163	139	156	172	190	236	229	260	263	242	160	195	233	239	272	165	178	187	158	167	334	167	256	213	216	167	271	153	160	227	183	174	317	186	263	149	226	322	163	166	214	184	231	168	190	203	184	257	228	260
Gene63	395	476	468	407	598	666	576	608	381	737	362	473	490	730	554	920	460	323	628	526	511	489	442	642	491	575	576	536	330	747	551	275	450	473	362	384	448	310	482	577	448	530	509	603	423	440	586	539	422	265	413	251	559	392	391	630	312	391	415	670	661	544	508	565	660	570	434	504	485	802	509	514	554	385	606	371	624	372	619	570	423	586	591	461	512	504	359	408	728	373	702	376	560	720	375	460	449	577	417	543	575	522	534	736	700	715
Gene64	179	236	170	104	310	192	240	189	149	311	174	217	214	233	173	257	178	99	207	223	225	216	154	288	198	195	180	306	144	360	225	218	307	234	189	190	207	108	225	287	196	165	128	205	259	206	242	206	213	145	119	102	165	126	249	276	243	110	178	203	296	205	168	236	200	237	247	160	173	292	124	167	160	125	172	173	280	232	231	131	188	168	191	248	247	248	168	298	311	159	307	140	244	305	245	200	304	228	193	298	302	229	248	167	362	222
Gene65	0	4	3	2	2	3	3	0	0	1	6	4	1	8	4	2	1	3	1	1	2	2	0	5	5	0	4	0	0	2	2	6	3	1	2	2	4	3	1	7	1	2	1	0	0	1	1	4	2	0	3	3	5	2	0	7	2	2	1	8	3	2	3	3	2	5	0	1	3	3	1	1	1	2	1	3	0	3	2	2	3	1	5	5	1	2	0	4	3	6	1	0	3	2	0	0	4	0	2	2	2	1	8	1	4	5
Gene66	173	228	177	128	268	293	193	231	280	309	202	191	233	467	241	343	197	218	280	316	283	268	236	403	224	359	213	231	161	366	252	165	338	216	222	283	317	165	237	413	223	264	182	288	353	249	354	295	262	153	184	148	113	308	253	373	180	197	261	218	214	244	257	364	255	244	237	335	241	342	239	264	190	262	281	158	276	201	309	309	176	208	332	272	218	288	145	308	458	188	297	167	319	315	242	330	334	317	280	235	290	336	260	343	294	385
Gene67	712	1280	817	155	349	372	138	228	159	214	189	138	211	287	209	203	178	164	179	185	302	236	171	333	195	353	228	449	164	609	455	388	457	508	329	353	469	245	481	371	368	280	214	436	322	313	362	373	427	276	324	215	376	356	248	303	263	267	238	347	429	317	398	442	494	480	420	331	575	492	459	332	366	289	364	419	555	441	509	277	371	291	473	435	340	537	298	499	628	276	513	181	437	540	293	348	402	290	328	432	526	449	355	642	503	415
Gene68	21	31	59	133	249	170	185	156	165	144	130	89	142	221	94	222	179	85	122	81	159	158	128	140	188	190	143	70	68	83	68	48	70	51	59	67	82	63	44	60	96	60	61	87	83	59	83	90	81	41	44	48	86	48	49	63	57	26	95	71	106	45	98	152	66	79	68	90	52	65	47	43	53	92	77	34	99	43	120	70	53	63	69	73	44	73	57	49	101	51	108	74	44	64	63	82	61	70	63	87	67	129	110	90	116	102
Gene69	4621	6355	6553	3294	9488	7579	5203	7969	4660	7050	5540	5177	6930	7813	5944	7601	8120	4223	5133	6582	6824	5983	4803	7849	5057	5094	6735	7568	3941	7370	5941	5471	8712	6061	6001	6378	7347	4475	7279	5969	5169	5064	4226	6067	6910	5380	6930	8386	4434	4398	4311	3131	5046	6284	5069	7227	5172	5124	6369	5193	5044	5976	6128	6989	5988	6977	5682	7258	6433	9098	7758	4492	7589	6509	6803	5652	8650	4432	8783	4227	5426	5550	7619	8346	4538	6381	5540	6064	8892	4868	10000	4376	7753	7267	4076	6131	6931	5562	6973	5706	7688	8562	6865	7290	8741	6286
Gene70	141	151	154	121	123	134	161	127	130	180	124	106	96	232	187	143	183	89	124	121	173	94	98	197	102	176	189	525	421	815	538	394	756	695	527	692	479	568	689	605	509	485	517	593	486	480	683	916	478	409	450	278	414	521	470	533	96	110	137	155	176	106	144	151	115	160	87	183	110	163	153	105	207	142	95	165	171	155	129	149	191	100	146	180	131	162	92	145	280	92	156	108	158	96	118	159	147	132	109	119	176	165	110	201	175	189
Gene71	79	51	77	37	103	52	69	73	41	70	65	57	74	66	64	147	58	60	93	65	61	81	41	83	40	76	105	74	25	103	30	43	54	29	91	80	64	25	30	52	51	67	37	58	46	53	78	98	100	47	48	23	98	74	41	49	35	54	102	55	78	68	74	108	72	90	65	53	33	67	60	79	91	29	111	75	103	75	84	28	83	48	88	77	80	55	52	75	112	27	108	69	76	57	35	66	92	75	70	72	64	109	95	163	70	57
Gene72	7	8	9	6	16	5	7	15	7	6	7	6	5	8	12	19	5	8	8	8	27	16	14	8	13	3	12	440	144	516	336	323	659	435	343	334	414	323	307	323	358	291	343	310	300	295	386	667	271	165	311	125	239	291	295	452	13	4	19	11	15	9	7	5	5	11	10	8	8	20	6	8	12	6	11	2	13	15	16	2	21	6	5	15	1	13	4	15	9	4	8	9	9	16	9	6	12	13	19	18	13	1	12	17	5	10
Gene73	162	332	207	252	392	392	307	290	213	214	191	210	277	304	293	313	280	131	258	330	202	366	210	435	338	397	369	898	631	1439	962	718	1076	880	923	1153	1446	911	1120	1192	854	964	927	918	752	774	969	1052	964	557	734	696	713	924	664	1303	148	200	358	334	205	285	371	294	242	366	327	244	182	434	281	165	336	255	345	227	258	223	373	255	261	197	348	433	240	345	197	293	475	160	325	216	268	292	200	268	226	217	334	310	367	263	290	315	410	367
Gene74	2	4	0	0	0	0	0	0	1	1	1	0	0	1	1	1	1	0	1	0	1	0	0	3	0	2	0	0	0	0	0	0	0	0	0	0	0	0	0	0	0	0	0	0	0	0	0	0	0	0	0	0	2	0	0	1	2	1	0	1	0	0	1	1	4	2	2	1	0	1	0	0	2	9	0	4	1	1	0	1	1	4	1	2	0	2	0	1	0	0	0	0	0	1	0	2	1	0	0	0	0	2	3	2	4	0
Gene75	57	45	51	39	78	109	53	43	45	64	38	25	42	145	52	76	42	47	91	63	54	68	40	61	44	82	39	60	41	74	56	45	93	84	45	41	67	44	57	69	38	67	40	51	53	40	79	80	42	36	59	30	67	47	38	35	1	2	1	5	2	6	0	4	1	6	1	2	9	1	2	0	2	1	0	2	1	3	1	1	10	1	3	5	0	2	3	0	9	3	6	4	15	6	0	4	2	1	0	8	1	2	13	3	11	2
Gene76	254	350	337	191	517	410	281	375	251	489	257	269	338	522	338	524	394	231	449	401	390	342	432	453	340	300	544	394	199	447	340	288	481	240	320	406	331	302	369	483	228	354	308	291	305	327	485	331	330	178	277	189	309	345	248	459	305	269	406	321	377	338	388	294	386	299	197	298	383	542	421	316	366	294	292	283	467	312	591	374	371	313	469	372	249	399	193	422	455	378	442	256	532	474	246	321	261	304	354	280	423	399	244	455	589	334
Gene77	3432	4561	3961	2868	7546	6090	3725	4915	4371	5161	4453	3427	4104	6099	4830	5494	5569	3661	4634	4565	5608	4428	4107	6981	5038	5076	5518	4347	3015	5370	4261	4649	6962	4526	3455	3713	4756	3564	4838	5007	4839	3703	3919	4699	4508	5184	4217	5016	4597	3810	3844	1895	4516	4684	4587	5010	3890	4479	4676	4056	4057	5244	5231	4879	4869	8089	5537	3970	6072	8432	3998	3564	4996	3455	4353	3583	6057	3717	5623	4170	4132	3763	5897	6169	3782	4683	3526	5892	8485	3024	5138	4179	6134	6280	4640	3906	5248	4340	5234	5544	6284	5432	4371	6112	6662	6848
Gene78	30	26	33	29	43	35	37	20	22	30	36	14	27	51	17	42	37	20	16	30	19	33	18	43	26	34	43	81	55	100	68	39	104	69	79	60	63	88	79	110	54	79	38	108	66	74	86	108	56	53	35	43	77	77	47	85	8	13	29	23	19	30	31	28	22	30	19	20	16	26	23	24	52	23	29	39	37	8	45	20	18	22	45	22	31	37	21	49	50	16	37	29	38	39	14	33	32	24	43	41	25	43	25	51	44	18
Gene79	162	143	277	192	309	292	186	169	128	290	124	187	182	305	259	293	215	168	289	171	212	245	161	195	211	237	191	206	115	276	224	127	286	188	177	153	149	146	228	285	140	187	153	212	187	161	143	192	242	152	103	113	155	227	157	253	157	111	213	175	264	255	230	174	294	188	173	169	161	266	293	211	218	161	178	160	316	184	236	151	214	108	225	231	166	164	111	148	279	159	236	82	146	162	118	214	230	173	177	212	194	289	272	238	236	187
Gene80	12	20	21	15	36	21	10	24	19	26	6	17	22	33	20	55	30	28	30	38	15	23	21	34	20	26	34	29	15	24	24	13	23	28	9	28	26	9	23	24	22	20	15	37	49	16	23	13	19	7	11	2	16	36	47	28	15	22	35	23	29	17	28	29	26	42	22	31	19	25	21	32	14	21	19	16	31	16	17	19	14	15	42	26	23	40	41	32	59	15	37	25	31	33	18	17	27	22	9	17	57	28	41	36	13	34
Gene81	392	365	396	246	519	468	402	371	361	482	322	309	412	461	449	444	387	286	406	395	386	383	360	612	309	432	556	1701	1003	1928	1577	1356	1958	1862	1647	1662	2011	1344	1496	1666	1561	1303	1225	1595	1415	1427	1496	2250	1317	918	1296	863	1512	1762	1477	2072	263	392	361	355	288	429	424	471	467	625	374	393	511	511	572	362	369	306	411	387	534	312	482	578	341	370	447	474	506	327	480	380	457	255	535	401	446	400	271	282	570	531	322	521	550	608	308	481	506	426
Gene82	0	2	0	0	3	0	0	0	0	3	0	2	5	2	1	2	2	4	3	0	2	4	1	2	1	0	1	1	3	2	0	1	8	4	6	5	4	1	1	2	6	1	3	2	1	0	1	1	2	0	1	0	2	1	3	0	4	3	3	0	3	3	3	10	2	5	3	0	2	6	1	1	3	3	0	1	5	0	1	1	5	0	2	14	5	1	0	0	2	0	4	4	10	2	5	3	1	4	1	4	2	3	0	1	1	2
Gene83	4269	7774	7196	6319	8761	7494	7791	5734	6752	5228	4619	5576	7134	8515	5836	9954	5164	5089	8110	7984	6905	7335	5587	10351	5980	7488	8966	6611	4074	9316	7908	5548	8398	6396	5819	7841	7594	4369	5857	8592	5956	6155	4577	7262	6385	6531	9246	7866	4840	4272	5438	4226	7493	8112	6179	5975	6298	5377	7439	7415	5596	6844	7422	7726	7017	9875	4644	6531	7866	9592	7840	5541	7715	5084	6311	4319	8057	4133	8703	6214	4923	5755	8142	7183	7431	7814	3965	6421	10876	4755	8900	5978	7535	7939	5027	5871	6607	4725	5127	7505	8005	7878	6579	11285	9888	8277
Gene84	4	5	2	3	17	12	2	3	5	7	2	12	7	6	6	7	7	5	7	5	2	10	6	8	2	21	10	17	2	2	2	4	13	3	3	3	8	1	3	4	3	0	6	5	4	2	3	3	1	8	1	5	6	4	1	4	6	2	8	10	7	6	0	8	2	8	7	5	9	5	4	0	3	4	2	6	14	2	7	1	4	9	2	8	5	0	12	11	12	2	10	5	9	4	4	6	7	6	3	0	10	2	3	11	18	0
Gene85	7060	6245	9507	5222	12662	10465	9039	8234	5930	9434	5062	6626	8607	10821	9414	11268	7427	5971	8229	6971	10281	11129	6453	11976	8442	10824	9243	9763	5237	10397	7707	7606	10155	8714	7164	7706	11081	6685	7810	10247	7456	8481	7173	8564	9374	8884	10444	9133	8165	5522	7371	4298	5948	11410	6079	8850	1230	1174	1161	1414	1241	1123	1369	1783	1229	2034	1265	1093	1137	1813	1277	1027	1244	941	931	1356	1758	898	1821	1093	1155	1167	1924	1431	1395	1623	840	1399	2059	691	1656	950	2026	1696	1111	1156	1183	1086	1147	1369	1518	1560	1497	1806	1906	1452
Gene86	21	31	33	28	46	40	25	35	14	16	30	17	18	36	25	62	17	18	31	27	31	31	27	53	25	24	28	28	13	31	55	26	37	23	28	25	34	23	15	33	33	31	15	21	23	30	30	42	32	11	23	22	17	29	22	37	49	40	42	91	79	44	75	56	65	98	41	66	42	86	38	26	66	48	18	55	102	44	67	38	54	32	96	71	84	71	92	45	94	31	72	47	49	70	50	59	43	46	42	44	61	103	40	114	67	57
Gene87	33	58	57	69	197	118	65	172	55	149	106	83	118	130	91	139	71	96	147	138	99	130	100	149	94	109	136	50	29	83	51	56	59	53	29	71	91	41	61	53	45	29	30	59	64	37	52	31	70	22	53	48	57	47	64	54	37	38	53	62	49	51	71	68	49	70	50	64	62	99	29	27	59	44	44	89	54	40	60	30	42	55	35	65	57	64	56	37	80	36	65	50	61	86	25	28	42	67	47	52	61	62	78	59	63	36
Gene88	28	34	52	16	27	44	56	42	37	55	31	27	30	69	46	50	36	29	24	34	50	53	29	64	47	74	50	45	25	54	24	23	51	43	43	30	37	28	49	42	18	32	35	40	24	36	29	60	28	27	32	12	44	24	46	37	39	28	32	67	44	34	40	22	44	86	24	41	31	53	46	41	38	42	26	46	42	25	44	51	69	22	41	45	30	48	59	30	80	21	32	48	27	54	32	80	46	35	37	28	28	46	36	68	38	18
Gene89	2148	3197	3284	1723	4846	3077	2909	3298	2338	4211	2840	2964	3502	4252	3318	4536	3351	2159	2863	2903	3277	3565	2932	4322	3189	3901	3166	3737	2107	4095	3089	2194	4655	2932	2812	2847	3475	2554	3463	3768	3217	3123	2103	4012	3269	3125	3469	4041	2738	2041	2964	1647	2721	3368	2057	4163	2475	2498	3675	4083	3475	2873	3482	3452	4044	4895	3131	2827	3206	5040	4059	2791	3508	2687	2962	2916	4165	2807	4042	2586	2876	3099	4065	5100	3203	4111	2885	2987	5404	2672	4464	2945	4663	4035	2722	2854	2883	2640	4260	3836	4150	3745	3664	3911	4170	4243
Gene90	30	89	47	63	84	107	77	105	88	113	30	38	75	129	54	96	123	83	60	77	72	66	65	140	67	88	91	64	39	89	54	80	103	43	54	55	59	25	57	114	44	85	104	62	96	65	64	62	73	60	46	36	67	57	39	114	83	62	73	34	90	38	135	72	50	93	82	30	33	103	81	40	118	45	75	65	85	60	83	39	47	78	131	83	70	64	46	73	121	82	121	41	86	80	78	91	66	74	86	76	105	59	60	129	160	68
Gene91	138	190	152	155	285	184	274	196	157	185	161	217	237	265	190	318	240	182	199	179	230	197	171	310	144	172	216	237	138	289	206	191	273	265	210	311	242	194	133	248	178	198	207	152	214	195	199	244	188	117	169	120	142	258	153	283	165	145	221	193	215	261	156	179	160	219	205	177	165	285	241	214	161	191	225	170	272	134	229	135	234	156	218	191	202	232	119	188	311	218	273	100	176	173	183	162	173	214	215	206	261	202	222	346	242	175
Gene92	437	558	594	260	458	360	250	259	274	302	271	300	264	582	261	438	295	263	257	273	320	236	221	501	374	349	447	247	121	390	245	170	317	195	210	200	295	225	243	220	240	228	165	183	203	208	317	194	166	130	124	94	185	159	155	248	156	236	192	224	204	257	226	262	276	266	222	118	250	316	281	181	221	209	163	267	281	141	195	206	226	169	220	233	239	231	184	213	299	173	242	201	239	222	139	195	188	161	189	217	230	209	293	201	309	262
Gene93	75	96	122	162	269	286	169	252	172	277	143	223	246	319	221	225	224	142	242	191	248	226	178	346	213	311	283	320	177	467	350	249	439	405	346	411	339	303	384	381	302	315	281	418	316	361	424	388	283	165	177	182	245	410	308	584	171	185	200	214	157	291	308	280	253	282	196	203	235	330	271	126	214	201	244	218	326	175	316	208	219	284	317	264	199	263	179	221	368	166	274	213	283	279	197	204	262	203	251	266	262	275	276	311	337	242
Gene94	6	25	30	16	32	47	25	26	29	52	26	11	16	39	12	15	36	19	14	15	15	21	34	60	24	30	17	41	12	31	26	10	58	26	9	12	17	10	25	44	30	21	34	12	19	15	35	52	7	13	22	8	34	19	16	25	29	27	17	20	25	32	44	38	25	38	23	58	30	32	13	17	22	29	22	25	39	24	29	13	25	35	28	42	15	34	29	38	29	29	25	23	25	20	15	15	22	22	18	24	13	12	18	35	22	33
Gene95	182	344	276	215	369	444	345	326	288	398	259	238	318	439	370	394	402	210	290	259	328	358	338	481	401	384	471	368	222	414	336	207	477	377	258	271	424	298	328	371	255	300	235	339	296	417	382	373	299	246	242	123	274	411	258	227	258	272	470	339	360	288	311	402	252	364	324	338	373	512	447	278	321	287	251	262	586	266	559	372	274	368	466	356	300	312	224	381	618	310	465	274	497	390	294	376	398	368	328	284	408	503	278	480	579	470
Gene96	18	30	36	21	49	58	25	38	30	60	26	38	37	42	40	43	41	29	46	44	47	50	25	37	33	44	47	53	34	37	30	25	38	39	43	38	31	24	29	71	34	24	32	36	45	43	36	44	21	21	29	13	31	63	29	45	15	23	37	41	21	42	44	35	40	48	39	28	36	79	57	30	55	40	36	44	46	40	42	44	54	28	45	54	35	36	28	44	59	19	49	27	48	62	32	46	46	49	56	51	65	59	35	75	43	38
Gene97	6	8	1	0	5	4	1	1	1	4	5	1	2	2	1	4	0	1	0	5	3	2	3	1	2	1	7	2	1	2	4	1	12	1	8	4	1	9	1	0	2	0	3	1	5	2	1	2	3	1	1	2	1	3	0	0	11	10	28	14	8	4	20	14	13	17	10	11	13	20	12	19	7	7	11	15	25	9	18	13	11	9	27	16	9	15	6	26	29	21	7	3	20	19	18	19	11	13	14	23	30	20	9	33	33	7
Gene98	490	537	537	367	682	589	621	494	427	739	396	553	735	879	630	747	524	415	503	582	500	544	496	924	637	666	997	710	392	691	541	562	805	462	577	606	526	569	463	610	464	648	416	604	565	624	705	729	391	317	448	236	844	661	305	676	658	498	688	830	1059	535	871	891	791	1210	705	576	643	1190	1101	709	650	528	715	868	957	476	1199	688	719	635	1149	912	876	854	605	860	1067	647	1011	625	867	1202	549	774	919	1025	857	831	790	991	708	1043	902	890
Gene99	183	383	364	141	423	348	252	407	278	281	259	242	282	396	247	423	286	213	299	291	385	306	287	438	444	374	256	332	161	388	261	286	304	224	274	359	319	279	285	327	278	209	293	330	374	241	345	327	292	171	238	173	284	269	206	466	211	187	319	328	256	372	297	410	404	416	221	268	354	547	317	245	302	182	212	167	366	210	605	305	328	298	308	501	346	258	324	281	474	159	360	212	381	412	260	222	332	284	303	413	310	315	297	373	383	384
Gene100	218	375	278	191	541	310	317	361	286	394	221	241	228	408	324	498	358	226	298	368	387	383	267	474	240	265	303	423	216	387	319	255	633	422	253	359	276	211	313	352	176	227	254	320	343	326	296	370	255	154	280	151	303	315	290	350	187	220	313	297	350	290	303	418	313	440	273	334	284	499	378	250	296	282	249	292	440	286	396	309	298	241	351	323	276	323	268	377	538	235	393	289	324	483	282	217	366	335	379	307	352	555	325	400	435	317
