ID	Cell1	Cell2	Cell3	Cell4	Cell5	Cell6	Cell8	Cell12	Cell13	Cell14	Cell15	Cell17	Cell19	Cell21	Cell23	Cell25	Cell27	Cell29	Cell31	Cell32	Cell34	Cell36	Cell37	Cell39	Cell45	Cell47	Cell48	Cell50	Cell54	Cell57	Cell58	Cell59	Cell60	Cell61	Cell64	Cell69	Cell70	Cell71	Cell72	Cell74	Cell75	Cell82	Cell84	Cell87	Cell88	Cell89	Cell90	Cell91	Cell96	Cell99	Cell104	Cell105	Cell108	Cell110	Cell112	Cell116	Cell117	Cell118	Cell119	Cell120	Cell127	Cell130	Cell131	Cell132	Cell136	Cell139	Cell141	Cell145	Cell149	Cell150	Cell151	Cell154	Cell157	Cell159	Cell160	Cell162	Cell163	Cell166	Cell168	Cell170	Cell173	Cell174	Cell175	Cell176	Cell177	Cell181	Cell186	Cell188	Cell189	Cell190	Cell193	Cell195	Cell197	Cell200
Gene1	314	364	432	275	479	427	235	311	244	273	396	291	202	328	285	232	253	248	202	339	509	335	447	444	465	373	412	164	320	277	255	406	279	266	208	327	124	267	245	237	349	246	266	296	154	228	333	302	255	308	263	198	382	256	2175	1629	1308	2162	1572	2006	1038	1965	1750	2285	2704	1248	1942	1914	1690	2041	1555	2742	2245	2163	1580	1921	1579	1842	2418	1829	1469	1137	1975	1565	1673	1703	2117	1849	1844	2439	1396	1753	1555	2936
Gene2	106	151	210	97	193	137	72	194	134	143	119	155	123	103	103	121	107	110	103	123	116	159	168	179	216	162	124	107	121	157	96	172	121	151	102	121	106	131	86	76	122	130	136	115	107	107	132	138	60	121	122	119	157	95	106	147	128	133	153	163	84	163	180	183	240	92	182	154	124	187	159	178	168	142	116	134	148	153	146	137	105	98	101	145	146	120	181	142	129	132	144	110	127	159
Gene3	1079	1277	1291	975	1544	1024	879	1829	1080	1364	1680	1325	1168	1322	997	1044	966	1035	843	1408	1596	1038	2695	1590	2360	1673	1762	807	1103	1508	1027	1913	1381	3118	2667	2996	2501	3318	3255	2042	2751	4332	2917	3836	2772	2594	5410	3759	3770	4340	3171	3307	3541	4273	1522	1548	1031	1563	1624	1509	1238	2251	1758	2034	1540	738	1778	1237	1342	1781	1949	1425	1685	1114	1192	900	1074	2096	1390	1185	1188	560	1697	1502	1216	1108	1363	1611	1355	1843	1182	1574	1266	1639
Gene4	13	11	28	29	17	10	13	61	70	91	81	133	40	82	58	65	51	51	26	35	90	49	79	88	99	98	96	28	52	72	73	129	117	374	289	343	220	394	219	233	357	450	253	390	264	303	349	364	359	295	237	245	484	497	100	66	44	62	56	78	62	87	46	119	129	31	80	50	52	99	80	59	70	76	71	52	81	69	115	68	61	33	72	63	56	48	64	71	78	79	53	58	76	84
Gene5	19	28	15	29	19	18	3	23	17	13	30	8	0	9	6	17	7	8	11	9	15	15	13	7	16	16	11	17	15	15	11	16	17	19	4	10	10	7	5	9	23	14	19	5	15	8	19	8	16	12	8	26	8	13	9	5	16	7	5	16	8	6	10	12	16	13	18	12	8	20	15	3	15	6	21	7	25	8	13	12	11	16	8	6	18	16	8	14	13	16	6	17	16	7
Gene6	178	179	237	117	254	194	189	180	209	217	201	232	180	116	136	197	191	136	104	181	261	196	286	163	210	162	213	131	218	166	173	249	255	224	136	151	96	145	144	141	193	122	145	153	142	135	198	123	99	173	181	168	173	120	271	167	190	167	153	179	160	267	185	292	324	147	248	199	134	255	206	157	224	269	125	250	191	203	259	256	125	121	165	172	155	228	149	199	204	213	118	146	268	220
Gene7	205	158	198	152	266	254	110	212	141	152	175	138	77	155	124	195	122	89	136	151	155	110	220	188	305	169	212	108	148	175	147	180	221	116	113	145	127	174	89	146	130	145	178	124	114	141	148	129	149	142	131	149	198	215	190	191	140	184	145	173	122	264	151	273	271	118	223	104	188	210	171	157	174	136	118	145	134	196	159	161	180	116	132	155	166	179	146	201	158	273	123	190	141	211
Gene8	4	3	3	0	3	1	1	3	1	2	1	2	4	3	4	4	1	1	3	1	1	3	7	4	10	0	3	1	0	2	1	1	1	1	4	4	1	1	1	1	3	5	0	2	1	0	1	0	4	1	2	4	1	4	5	0	2	4	1	3	0	3	3	3	4	0	2	1	1	0	4	4	1	2	1	0	4	4	0	2	3	2	1	1	1	2	0	3	3	7	1	6	1	1
Gene9	41	46	47	16	37	35	39	57	32	38	60	48	54	54	16	59	28	44	21	55	60	37	53	88	66	58	75	46	46	48	31	59	24	296	151	258	207	241	251	189	294	312	224	287	212	171	288	197	283	281	218	351	225	224	81	70	54	93	67	78	46	120	90	84	111	41	84	64	56	76	97	74	86	62	37	82	93	112	87	93	52	27	67	50	76	60	77	99	101	66	47	107	120	137
Gene10	82	66	68	31	63	45	42	42	40	50	37	62	17	36	28	53	46	34	18	33	69	38	62	43	34	51	48	18	29	64	46	37	33	30	16	23	28	46	13	24	49	32	43	28	44	27	60	26	27	48	26	51	58	47	78	51	31	36	29	60	32	55	50	56	66	29	39	30	53	41	39	42	58	50	25	31	34	68	47	57	51	38	54	26	46	28	61	54	31	66	26	45	27	59
Gene11	5	2	4	2	6	1	8	5	3	8	3	1	6	5	1	3	2	1	3	7	3	0	9	2	11	2	7	5	9	5	3	1	2	3	3	2	8	1	1	5	1	2	1	3	3	0	7	3	4	5	2	6	4	5	6	6	5	2	3	3	3	6	2	9	6	3	9	5	8	4	8	10	4	0	0	3	4	9	7	5	0	2	1	0	1	2	4	10	3	7	3	3	4	6
Gene12	4578	3160	4309	2957	5196	3435	2810	3709	2549	3610	4327	3932	3045	3979	2768	3014	3592	3641	2078	3313	3808	3978	5189	4731	4955	4284	4676	2260	2950	3548	2666	3773	5428	2785	2260	3444	2739	3736	2771	2528	3787	3666	2821	3351	2979	2296	4803	2804	2845	3656	2812	3240	3687	4349	4947	3771	2433	3382	3644	4024	3363	5597	2996	5662	5836	2905	4784	3137	3761	4245	3755	4103	5067	4486	3050	3773	3463	5062	4215	2751	3616	2482	2992	3495	3109	4314	4560	3942	3310	4621	3102	4318	3339	4595
Gene13	424	431	341	204	521	313	249	292	286	339	344	403	235	299	253	252	262	190	286	325	308	315	474	383	497	283	447	234	226	334	261	343	343	223	193	211	222	245	246	148	341	368	253	276	162	188	452	308	219	355	214	349	252	464	469	357	288	387	304	333	220	436	384	420	424	257	364	341	319	329	289	389	385	328	253	261	246	520	385	318	324	173	350	305	296	295	268	357	303	307	316	275	294	478
Gene14	0	1	1	0	0	2	3	0	1	0	1	1	2	1	0	4	1	1	0	3	2	2	3	2	8	2	0	0	0	4	0	1	2	52	36	65	27	33	27	27	37	45	52	43	25	32	51	30	52	31	29	50	47	52	3	1	3	3	0	2	0	1	0	0	0	0	0	2	1	2	7	1	0	1	0	1	0	1	1	4	0	0	2	2	0	0	0	1	5	2	1	0	2	0
Gene15	1496	1365	1682	933	1736	1597	1227	1565	1174	1248	1640	1382	927	1616	905	1352	1463	1131	1141	978	1637	1284	2076	1766	1968	1490	2112	1249	1355	1069	1171	1411	1730	931	789	1095	814	1290	899	895	1438	1434	1188	1201	1032	1289	1371	1080	1262	1325	1149	1056	1700	1204	1569	1281	1159	1432	1243	1462	1341	1727	1634	1660	2203	983	1516	1153	950	1748	1292	1393	1858	1290	1196	1351	1444	1282	1659	1112	1257	1006	1089	1220	1162	1344	1276	1479	1293	1670	1016	1083	1222	1781
Gene16	81	63	119	37	93	52	73	58	59	98	96	82	42	84	51	63	57	54	51	52	88	54	113	73	110	64	99	70	59	84	57	79	59	56	70	67	30	118	40	59	86	71	50	70	38	44	80	52	66	65	46	46	86	57	75	67	62	53	81	78	82	115	75	125	91	34	94	80	68	72	120	96	65	73	60	71	63	70	104	48	85	61	53	52	54	106	113	98	51	91	51	97	78	109
Gene17	10	9	29	9	14	7	8	3	3	1	2	1	1	1	2	1	4	5	3	1	8	3	3	4	10	5	3	1	2	9	5	3	7	1	1	5	0	4	1	1	1	5	4	13	0	1	9	10	3	1	1	1	1	11	6	5	1	4	3	4	0	2	2	6	16	3	1	2	3	5	7	4	0	8	1	6	3	2	4	2	2	1	4	8	3	1	14	4	3	1	1	8	1	0
Gene18	203	171	131	116	144	178	91	104	123	101	134	108	134	183	126	118	114	168	106	106	172	119	186	219	223	127	133	106	123	125	98	182	147	149	67	105	103	142	68	66	198	78	81	162	129	62	180	108	110	115	104	143	103	123	180	121	113	112	118	154	126	218	126	237	122	93	194	89	108	140	116	240	126	135	111	115	132	187	193	115	154	101	117	110	126	114	163	208	122	150	114	121	122	205
Gene19	68	62	91	37	81	53	22	56	43	53	65	84	54	39	19	31	69	42	31	70	82	63	76	54	73	43	72	48	27	67	66	73	54	54	34	42	21	68	53	24	37	60	57	36	35	54	95	39	22	33	41	44	45	68	72	92	76	56	64	77	38	76	87	102	43	32	93	81	64	62	68	88	53	71	55	94	55	87	91	60	35	44	43	59	50	73	86	43	55	79	58	62	50	59
Gene20	134	192	177	53	213	135	93	122	67	165	131	122	86	114	82	137	146	102	94	99	217	148	178	108	243	104	168	77	128	117	99	142	139	107	53	94	63	144	82	76	121	117	124	95	81	90	151	98	110	94	101	116	133	159	161	175	97	142	92	140	110	181	172	193	198	111	150	102	136	136	155	196	148	129	66	134	114	142	146	129	122	81	152	156	113	125	124	116	141	142	105	133	119	134
Gene21	9	3	9	11	21	22	11	16	5	6	6	16	6	10	7	8	15	18	10	9	19	12	45	15	24	14	13	12	0	11	6	7	12	24	2	8	14	15	2	9	18	9	8	7	7	7	11	11	9	13	6	18	7	17	3	4	10	29	7	10	3	21	18	15	23	6	9	4	8	19	8	19	10	14	23	13	17	7	19	6	16	14	7	10	16	16	4	20	15	10	7	9	15	17
Gene22	23	19	22	22	26	31	16	11	10	21	22	26	12	11	10	12	15	20	10	12	21	12	35	12	27	15	19	6	14	24	13	31	15	14	20	11	18	14	8	15	8	18	14	13	10	12	14	14	12	13	32	24	19	25	35	16	12	17	14	15	28	28	25	30	29	8	25	18	24	39	14	11	36	21	13	21	23	21	25	29	24	9	16	14	25	9	19	32	27	7	12	18	19	11
Gene23	309	245	389	221	478	330	209	380	194	221	279	243	166	239	213	199	332	182	175	231	327	286	497	326	551	295	310	188	258	247	232	256	369	218	200	208	196	300	179	184	227	279	192	201	220	169	319	207	205	225	216	243	291	288	311	295	201	224	305	249	280	360	321	299	374	209	380	241	216	272	282	333	399	297	294	288	328	317	270	217	245	177	222	273	301	318	282	349	223	288	227	247	284	362
Gene24	25	23	28	16	43	23	10	17	21	22	17	47	18	8	14	13	18	16	17	17	25	14	54	29	46	34	21	20	24	22	17	33	24	19	8	24	33	11	28	13	36	30	29	13	19	16	36	23	14	18	13	31	27	23	0	1	1	1	0	1	1	2	3	4	2	0	3	1	6	4	7	4	0	0	0	1	3	3	1	1	0	0	7	0	6	2	1	12	0	2	3	0	1	2
Gene25	121	72	79	52	82	64	41	67	38	55	54	64	49	56	45	66	104	52	39	45	74	55	92	110	126	79	90	37	61	67	47	78	70	38	41	48	33	52	52	28	49	57	50	91	33	41	53	28	45	83	39	69	62	44	96	61	73	65	81	104	58	80	76	151	47	40	116	66	90	75	53	79	90	71	37	69	95	91	76	60	95	46	73	67	70	53	65	58	88	97	42	69	77	62
Gene26	114	96	130	64	142	71	57	103	68	75	109	72	91	76	47	64	76	61	58	61	92	103	120	67	125	111	125	103	77	71	39	94	78	89	29	64	64	92	22	44	74	76	38	48	48	57	53	89	63	65	68	64	115	70	371	355	162	294	305	215	230	334	272	305	380	203	288	193	222	418	375	179	201	266	255	356	212	451	314	342	267	132	194	209	233	290	289	320	394	351	213	451	324	395
Gene27	409	288	474	213	655	349	240	364	349	331	359	439	219	388	193	459	326	272	220	321	410	291	358	395	478	339	385	258	308	245	265	367	378	239	215	196	203	301	218	241	322	253	317	243	280	284	325	240	264	311	252	334	324	367	480	347	310	373	281	238	259	448	371	481	431	224	447	255	386	337	438	410	360	305	223	432	338	390	272	341	392	162	410	275	381	316	320	411	326	344	266	425	270	436
Gene28	596	724	791	390	1046	588	488	832	411	620	809	837	667	600	408	641	527	482	287	485	840	507	1021	872	1085	676	1063	477	558	649	420	853	1019	541	534	547	405	503	454	317	542	624	402	361	507	587	704	461	475	366	572	488	779	622	558	671	435	923	743	699	530	961	883	1182	699	576	852	745	633	728	866	754	642	713	572	716	572	755	826	692	550	401	432	571	646	724	665	642	747	662	516	656	778	998
Gene29	150	104	69	111	120	98	69	96	62	148	152	76	65	98	54	78	94	109	92	110	184	114	114	122	119	168	162	97	113	84	71	66	146	50	74	67	56	101	88	44	73	73	86	82	90	96	108	69	52	73	107	68	155	102	166	84	61	83	90	137	111	147	125	129	98	39	107	124	100	143	115	124	166	92	79	96	113	131	105	126	92	48	98	72	86	108	76	117	113	101	125	136	67	188
Gene30	31	15	15	21	31	18	16	26	20	14	20	18	18	35	11	13	33	14	6	31	28	32	14	32	30	15	27	19	24	15	19	30	21	4	9	20	16	22	16	6	12	17	14	7	19	17	27	23	14	15	13	5	21	34	28	10	16	13	23	29	15	22	14	26	18	24	26	37	27	31	18	20	28	29	14	14	20	12	21	17	14	12	13	15	24	19	24	32	16	34	10	26	18	31
Gene31	186	147	181	115	279	122	112	159	164	133	149	186	93	176	132	133	155	121	93	148	141	154	252	209	198	156	204	104	113	135	136	194	161	136	120	155	111	135	110	88	145	167	91	95	126	95	185	107	108	102	145	169	209	201	163	200	99	145	101	156	119	196	211	247	279	111	206	145	104	146	203	175	159	218	104	169	139	166	152	184	153	94	113	167	172	148	196	178	139	217	122	149	121	304
Gene32	59	37	150	48	85	99	60	73	71	61	69	104	61	64	105	78	58	86	47	50	91	98	97	69	105	84	77	33	33	86	60	91	88	78	50	80	87	80	38	43	111	56	37	64	34	47	65	46	66	82	62	73	93	37	106	104	63	63	66	71	48	120	61	69	76	56	104	67	84	81	88	85	98	67	90	80	35	83	73	67	42	53	72	67	59	59	61	90	67	78	40	82	108	106
Gene33	97	99	133	66	132	67	77	72	64	92	111	124	59	74	72	83	89	80	38	82	118	127	127	153	147	110	109	57	94	103	68	87	164	89	22	92	40	70	39	80	107	86	57	84	45	65	77	43	64	75	61	64	86	110	109	80	81	101	115	77	71	107	91	115	124	83	150	69	60	98	59	113	178	99	83	96	95	146	95	99	85	71	74	80	55	131	79	94	89	109	98	108	81	171
Gene34	17	17	15	6	14	7	3	16	9	13	2	11	13	9	7	6	8	9	8	12	30	10	27	11	21	9	15	13	13	11	16	18	8	11	6	10	6	4	7	5	20	10	15	8	5	8	12	5	2	8	15	14	10	5	8	13	8	17	27	13	2	13	17	23	31	8	7	18	16	10	5	6	15	17	15	17	12	15	21	8	4	10	5	15	19	18	11	19	10	13	14	6	12	4
Gene35	151	157	232	98	167	124	104	3	16	0	8	13	0	5	8	2	4	18	3	7	4	4	6	8	9	5	6	2	0	3	7	1	5	44	12	39	8	11	53	17	21	39	23	20	20	15	66	45	15	8	36	25	27	30	56	41	20	58	29	28	22	24	44	38	29	21	20	10	70	39	36	23	36	26	29	74	37	33	66	18	43	21	28	27	20	33	28	31	52	33	28	24	25	50
Gene36	218	256	253	168	433	260	187	339	231	307	293	278	284	305	199	166	264	208	195	172	235	362	304	392	329	394	492	215	265	257	299	273	368	252	94	196	147	187	193	155	213	290	218	243	233	202	279	263	216	323	330	221	287	332	318	371	193	330	280	319	244	460	301	340	431	249	354	214	243	337	376	315	296	249	272	401	162	333	405	303	207	162	274	299	251	278	291	251	253	296	261	260	324	384
Gene37	187	116	108	93	165	146	106	22	12	10	17	21	16	13	6	6	9	13	9	12	12	5	17	14	13	9	15	9	10	7	18	6	17	111	98	90	57	98	66	119	91	91	115	138	70	96	110	76	75	82	89	154	131	131	143	142	127	126	115	123	71	159	130	154	144	112	159	94	146	173	138	134	213	158	111	118	111	114	138	120	69	80	112	80	116	148	125	148	99	161	60	175	135	97
Gene38	12	5	5	0	11	3	9	10	5	7	2	1	2	8	5	5	13	6	10	18	7	12	9	3	4	7	3	8	13	10	13	10	10	1	0	1	1	3	4	4	7	17	1	7	4	4	6	6	8	6	4	6	6	9	2	9	2	13	6	12	4	4	5	7	5	1	11	2	11	6	5	3	12	4	1	7	2	5	10	2	5	1	10	7	7	12	13	4	4	9	6	8	8	13
Gene39	288	238	265	174	502	232	166	229	214	229	214	274	253	245	151	158	238	200	157	215	271	233	349	392	453	262	195	162	223	168	176	208	247	244	210	194	91	252	167	128	246	194	206	211	146	161	204	224	151	197	137	177	354	160	275	318	219	285	205	288	293	272	225	317	405	161	291	288	255	336	248	248	214	319	133	384	173	292	333	258	257	191	231	225	290	249	297	199	295	212	169	309	226	369
Gene40	14	11	7	3	10	2	1	5	1	4	3	2	4	2	16	7	3	4	2	5	7	9	8	6	3	0	6	7	6	8	0	7	8	1	1	4	3	4	2	6	2	7	3	7	13	9	3	7	1	2	5	3	7	0	4	0	2	13	7	3	10	19	4	18	4	0	7	6	2	10	8	1	19	3	5	9	9	10	11	3	5	5	8	3	4	1	7	16	6	5	4	4	5	1
Gene41	21	10	20	10	26	21	3	19	18	11	11	24	6	21	7	17	14	6	12	19	9	12	19	12	14	6	8	16	9	26	5	12	11	9	17	12	4	5	13	0	15	9	10	4	9	7	9	14	12	13	3	6	2	14	13	18	13	7	11	6	4	17	5	14	9	0	12	7	7	25	10	8	20	23	11	21	7	12	18	13	32	12	19	4	7	9	1	7	8	18	5	19	11	11
Gene42	336	412	529	293	718	367	263	420	289	369	399	376	301	386	262	297	424	410	224	324	371	213	372	424	533	427	434	233	383	250	251	343	587	188	236	243	218	299	250	259	285	303	178	233	221	248	318	265	329	248	264	275	426	302	414	364	291	337	392	390	379	619	471	534	482	341	396	387	312	429	379	298	468	344	295	455	389	367	497	355	261	268	310	351	340	385	394	367	359	359	363	373	257	495
Gene43	34	28	45	13	30	30	18	9	17	10	11	23	8	15	5	18	10	8	6	15	8	9	22	27	41	3	25	2	16	9	3	14	20	29	16	13	7	10	12	7	10	19	21	12	12	14	11	17	14	13	26	18	10	14	13	23	16	12	18	23	20	24	12	11	18	18	25	20	32	22	35	20	8	21	26	18	12	18	21	14	12	10	11	20	17	11	10	14	13	22	9	19	11	20
Gene44	503	409	476	305	548	612	290	568	358	424	394	542	374	446	310	376	396	311	163	501	590	491	616	557	830	370	582	354	384	402	294	459	551	411	245	365	266	536	333	339	405	399	223	370	436	301	404	335	385	372	405	360	405	446	604	562	320	508	347	504	404	686	485	734	571	335	562	388	456	530	442	411	504	362	361	461	459	473	469	403	300	372	368	345	442	501	448	519	429	537	355	414	392	675
Gene45	247	183	234	139	267	221	125	226	200	176	246	242	206	170	182	167	202	212	161	171	238	257	204	230	256	192	217	171	110	98	143	208	199	137	146	229	146	220	88	110	152	146	188	194	158	79	174	208	102	175	169	182	224	191	426	279	268	222	342	264	196	434	356	343	380	212	423	397	280	426	277	287	419	383	215	303	278	369	366	328	313	180	342	192	296	383	242	402	387	517	262	252	373	294
Gene46	20	13	26	1	13	6	7	12	6	11	12	15	8	12	7	16	15	6	7	0	15	8	28	20	25	8	13	5	7	8	6	19	11	7	7	3	2	7	5	11	6	9	14	8	4	3	9	10	7	9	7	8	11	14	9	14	6	6	12	7	9	17	9	4	8	16	19	7	5	22	8	7	11	11	15	7	12	20	22	1	2	6	4	12	4	11	6	10	11	22	7	8	12	20
Gene47	250	222	304	142	264	200	172	213	143	140	317	229	122	226	163	213	143	119	112	202	312	122	386	228	267	347	229	183	168	201	169	317	276	242	138	151	185	170	164	121	285	230	196	164	204	96	263	179	179	172	177	157	246	263	299	247	163	240	200	247	168	275	336	332	349	194	242	141	187	227	217	246	234	182	232	237	261	244	173	217	185	187	200	250	219	295	200	355	218	196	188	226	214	268
Gene48	8142	6882	9724	5941	12116	8474	5541	9965	6740	6762	9078	9385	5338	9455	5430	8242	6094	6549	4977	7294	8947	7607	11306	8249	13443	7892	9430	5690	6560	9165	5165	8807	10190	6067	4975	5996	4744	7238	6111	4245	7308	7397	6833	5885	5659	5798	9368	6710	6970	6258	6429	7548	8509	9475	11607	9433	6517	7250	6897	10095	6884	9944	8158	10914	12101	5741	8393	6430	7452	9922	9981	8786	10232	9093	5984	8819	7957	9335	10130	7369	8787	5485	6185	7409	7753	7108	9103	8125	8520	8993	7313	7360	8487	12660
Gene49	95	89	117	37	119	69	59	60	63	66	63	60	88	80	63	86	47	55	65	75	79	89	95	102	123	90	118	41	45	81	65	93	73	52	47	64	45	75	52	58	78	75	43	48	45	87	59	62	33	36	45	33	96	92	97	92	62	70	76	79	39	125	68	116	93	56	68	62	140	85	100	78	111	77	56	69	67	83	75	78	43	50	82	89	88	87	92	47	60	88	54	72	70	91
Gene50	4540	3875	4242	2465	5313	3011	3242	4130	3034	3102	3280	4503	3352	4043	2587	2925	3851	2769	2240	2402	2719	3366	5110	4190	4267	3699	4539	2433	2696	3000	2890	5238	3707	2876	1749	2727	1717	3224	2433	2230	3183	3209	3941	2417	2981	2540	3116	2993	2640	3331	2962	3229	3485	3971	4007	3665	2562	3868	3300	3891	3660	5093	4458	5110	3950	2753	3861	3311	2677	4008	5394	3986	4073	3442	2615	4332	4307	3551	4651	2741	3350	2616	3223	2555	3583	3504	3851	3943	3569	2984	2908	3550	3555	4756
Gene51	687	590	674	442	930	646	501	331	255	259	364	327	265	343	220	253	365	317	218	302	428	304	442	454	499	269	319	292	248	313	261	424	417	180	220	292	303	236	205	128	342	349	251	200	160	186	289	257	222	336	278	256	399	325	357	318	278	417	267	281	290	429	450	410	342	206	383	221	264	317	397	329	404	389	221	278	355	284	334	326	274	176	225	396	343	329	320	274	386	346	198	348	406	427
Gene52	469	553	554	304	468	342	478	479	404	372	513	396	368	344	316	355	395	461	254	250	425	371	469	433	578	327	510	291	336	388	346	340	448	217	269	403	282	305	215	218	376	353	347	255	182	186	419	278	322	367	233	359	361	485	361	448	237	441	453	483	288	398	361	524	636	297	477	339	335	436	565	437	382	501	322	392	417	492	401	377	299	264	422	270	355	404	440	589	453	508	317	495	414	511
Gene53	247	202	259	134	366	247	133	8	4	2	13	3	1	3	4	1	1	5	1	9	6	4	8	8	6	7	4	0	3	9	2	2	3	5	7	6	2	3	1	6	3	2	10	5	2	5	2	0	5	1	0	2	2	8	10	10	5	8	0	7	4	6	5	6	4	2	7	3	4	8	1	11	3	2	2	6	6	9	4	4	1	3	2	3	2	5	2	1	2	3	9	1	5	6
Gene54	451	416	597	252	601	513	288	467	452	447	589	451	310	423	336	382	346	358	285	348	518	367	561	527	652	456	494	361	328	412	339	459	564	331	362	328	249	348	276	229	280	360	303	283	322	235	455	343	291	297	267	438	338	368	506	339	333	469	319	390	347	550	472	587	677	283	415	395	450	413	441	455	559	452	408	397	440	521	555	411	384	222	436	404	384	445	355	382	437	479	341	375	304	683
Gene55	555	911	990	429	1024	795	537	1169	592	975	787	1136	713	717	675	688	870	707	532	886	951	792	1403	1111	1304	988	1380	648	669	1003	635	1179	992	638	548	637	460	782	621	427	878	861	831	680	624	553	1075	757	718	889	729	713	921	801	867	951	843	769	851	1000	692	1390	895	1072	1384	725	1094	949	843	925	969	1031	1055	950	630	955	715	1084	1221	892	769	580	848	762	869	891	816	993	928	1138	664	969	767	1324
Gene56	142	175	267	144	231	178	108	231	133	181	187	192	137	220	106	142	147	143	109	126	176	161	199	230	280	157	236	111	110	105	97	99	196	173	78	149	80	153	114	110	111	181	124	154	120	109	201	175	130	137	122	83	181	142	285	150	124	140	149	156	166	222	190	184	274	113	190	106	119	168	161	126	182	168	154	183	117	208	210	131	147	151	143	163	178	162	132	121	207	218	124	149	149	292
Gene57	124	123	135	80	130	134	60	142	107	76	182	151	86	67	91	155	91	126	85	68	129	81	184	136	152	129	160	70	115	110	94	182	175	111	83	64	99	185	60	81	89	116	105	133	111	77	106	145	88	57	70	96	107	143	823	545	544	538	628	548	523	894	622	859	892	491	769	520	546	632	770	548	874	693	534	579	567	649	840	585	582	502	679	514	588	555	661	603	634	555	435	565	420	1013
Gene58	444	358	397	240	416	375	277	288	320	426	417	254	313	349	223	364	490	217	272	332	323	325	528	489	432	271	416	252	219	287	275	373	428	289	247	384	135	311	297	112	323	444	269	217	173	268	439	258	171	232	300	249	369	344	307	342	211	319	188	328	257	355	336	500	303	253	388	248	315	300	426	364	284	299	169	378	268	241	375	438	403	228	288	225	228	350	274	303	333	313	235	325	267	426
Gene59	4	0	0	0	0	0	0	0	0	4	0	0	0	1	0	0	0	0	0	0	0	1	0	0	0	0	1	2	1	0	0	0	0	1	0	0	0	0	0	0	0	0	0	0	0	2	0	0	0	0	0	0	0	0	0	0	0	0	1	1	0	0	0	4	0	0	0	0	0	0	0	0	0	0	0	0	0	0	0	0	1	0	0	0	1	0	0	0	0	0	0	0	0	2
Gene60	29	43	38	9	43	26	35	28	16	17	47	30	15	20	25	35	25	20	8	41	46	17	35	32	40	43	58	39	5	36	24	40	36	22	16	15	19	36	17	22	19	33	19	21	12	21	45	23	11	19	24	32	24	24	27	32	33	32	28	37	20	44	33	50	22	20	37	39	28	22	23	41	31	24	18	12	32	44	44	19	31	19	23	26	51	29	31	22	32	40	15	21	22	31
Gene61	4	9	3	3	5	4	0	1	1	1	3	13	5	4	3	9	13	4	2	6	2	1	5	7	19	1	3	2	1	1	5	1	4	2	0	0	2	3	0	1	7	1	1	2	4	4	4	6	0	2	6	3	11	2	1	3	8	8	3	3	2	0	1	2	13	5	4	0	5	7	2	0	6	8	4	7	1	2	2	6	2	2	7	4	0	4	0	3	1	1	1	8	1	8
Gene62	153	172	316	179	278	169	129	252	172	178	264	222	198	222	141	175	236	165	162	149	214	255	306	230	346	226	304	146	163	142	160	186	254	174	127	188	143	121	168	128	190	179	199	136	150	119	188	175	146	179	160	172	194	193	251	222	109	184	214	226	194	209	210	233	267	153	204	180	227	225	204	229	301	218	167	184	143	210	295	165	157	146	145	188	222	226	228	190	172	186	129	230	139	273
Gene63	541	472	610	428	657	640	308	612	400	547	395	603	643	428	384	507	485	314	363	579	550	535	630	535	811	541	775	439	580	624	331	536	573	478	243	366	358	406	399	315	563	530	322	421	353	459	538	547	418	372	348	443	415	495	650	629	468	552	558	488	453	692	619	613	1020	314	630	415	424	592	560	583	866	577	497	496	382	597	643	441	400	364	465	546	531	580	485	517	593	540	330	490	650	646
Gene64	222	212	274	135	322	142	161	217	98	225	206	135	117	169	155	176	277	181	131	207	288	215	348	270	331	225	362	150	161	133	124	195	296	190	135	203	199	172	149	96	245	148	157	132	157	196	255	160	122	226	189	117	120	197	222	252	137	216	232	232	173	318	232	282	338	138	189	267	206	240	193	150	217	285	146	287	170	240	202	245	193	183	261	255	198	221	185	265	184	260	179	196	167	294
Gene65	1	4	1	10	8	2	1	4	2	0	4	0	0	2	2	2	0	2	4	0	9	1	0	6	2	0	3	3	5	1	0	9	5	2	2	1	1	2	0	2	2	3	1	5	1	1	3	0	3	3	3	1	2	1	5	4	2	1	4	0	8	16	1	6	1	1	3	6	0	5	6	4	5	11	3	1	1	4	3	5	2	1	7	0	7	3	3	6	2	1	3	8	8	2
Gene66	387	274	361	200	331	223	269	386	326	273	253	296	223	259	212	208	226	216	187	276	317	264	349	393	418	292	368	182	253	235	255	264	319	216	209	204	171	165	156	205	252	215	157	229	242	179	372	187	151	178	196	158	278	193	376	253	214	213	303	362	267	403	340	330	405	252	373	229	339	290	274	298	474	318	281	293	301	396	374	246	265	178	240	224	236	362	296	315	242	235	209	192	258	401
Gene67	1319	989	1381	802	1345	1119	701	218	212	234	222	202	183	233	150	190	236	181	121	164	281	135	272	253	264	227	227	137	194	212	141	184	240	345	360	283	228	376	305	255	357	349	381	299	199	266	474	369	259	402	358	287	518	264	653	274	337	408	397	394	343	366	357	428	631	334	479	412	352	501	378	332	578	449	325	325	448	399	455	398	331	266	385	346	388	360	400	403	399	439	337	413	396	485
Gene68	44	32	59	48	44	34	54	188	171	130	156	129	97	218	155	133	187	109	101	171	145	147	194	207	280	195	231	100	115	156	155	157	180	72	44	47	49	85	69	61	70	76	77	59	37	61	81	62	36	62	55	46	81	85	82	69	67	107	68	53	78	96	54	91	108	57	148	105	98	64	76	106	73	67	72	90	96	121	60	49	93	61	93	43	41	62	67	66	80	62	92	58	71	109
Gene69	7386	7162	8720	4825	9828	6784	4799	8261	5742	5696	6424	7742	5028	7036	4269	5648	7491	5593	4575	6568	8780	7288	8019	7133	9171	6363	7873	4932	6074	6586	6123	8926	8440	4774	4556	5044	3751	6338	4996	3320	5461	5558	5337	5239	5128	4433	6429	5226	5340	5516	5291	6306	6976	6132	6950	6823	5457	6463	5765	6317	6715	9524	8166	9343	8628	5375	8276	5902	6048	7606	6923	7187	7522	8673	6009	6752	5615	8313	7571	5578	6758	4400	6856	6603	6897	5610	6437	7761	7751	7192	5433	6841	6971	11404
Gene70	114	182	130	64	214	181	87	211	145	181	143	169	79	182	100	155	142	112	121	109	174	194	172	162	270	138	163	98	120	124	136	201	205	444	327	475	371	481	535	466	643	536	458	481	318	323	822	433	375	472	601	419	611	584	140	172	165	149	116	145	135	257	143	183	180	91	157	160	136	211	148	197	160	174	99	141	118	237	192	125	103	100	129	143	123	230	133	147	131	230	121	142	147	229
Gene71	126	69	92	61	122	49	39	110	65	30	134	106	58	138	44	48	42	91	58	69	62	114	126	98	64	75	102	66	51	67	65	54	111	47	39	79	18	65	69	39	49	62	72	56	51	65	96	66	58	56	63	70	58	60	106	78	38	74	58	78	45	74	63	84	149	63	116	53	83	86	80	51	78	51	71	87	69	99	58	98	75	25	55	75	89	105	82	76	55	47	64	56	69	41
Gene72	14	17	21	13	9	12	5	9	9	14	3	14	3	4	6	13	9	5	8	2	6	7	17	9	9	10	15	9	10	5	10	8	3	251	212	341	219	357	239	174	413	402	300	273	261	272	387	306	287	395	340	203	304	346	21	11	6	17	6	6	8	5	27	9	11	1	14	11	5	2	9	12	7	10	2	8	14	14	19	5	12	4	4	5	8	0	9	13	24	13	16	10	12	16
Gene73	369	232	428	307	441	305	224	316	311	320	244	246	218	261	237	201	345	221	182	213	357	235	504	355	463	332	394	192	294	277	257	378	353	827	653	822	618	1143	707	772	985	985	824	1014	734	789	1152	795	788	620	1031	1002	1294	971	312	301	224	314	296	259	190	489	324	481	379	279	291	246	324	308	329	377	378	327	221	299	284	271	313	328	288	188	206	240	236	271	313	309	279	249	297	345	260	390
Gene74	2	3	2	0	5	1	0	1	1	0	2	1	1	1	0	0	0	0	0	1	0	0	2	3	1	3	0	0	0	0	1	1	1	0	0	0	0	0	0	0	0	1	0	0	3	0	0	0	1	0	1	0	2	0	1	0	0	0	1	0	0	0	2	2	2	1	0	1	1	0	0	0	0	4	0	1	0	0	1	0	1	0	0	1	0	0	0	0	6	0	0	0	0	1
Gene75	69	92	93	45	82	65	40	72	56	57	59	48	60	74	72	53	37	54	35	32	63	60	137	71	101	63	49	26	42	52	54	43	63	28	15	53	21	63	53	48	52	52	64	66	37	22	76	54	52	54	38	46	62	93	4	1	1	13	0	7	2	1	1	3	1	2	9	1	4	1	0	2	3	5	1	2	6	2	1	1	1	3	0	4	3	2	7	4	2	2	9	2	4	6
Gene76	269	378	449	320	567	285	350	278	321	345	384	386	294	317	270	296	367	300	217	220	546	383	510	322	565	411	386	221	361	373	274	414	374	252	230	276	224	322	306	214	435	241	374	255	235	218	385	337	343	354	272	253	406	306	408	337	324	315	272	364	332	391	317	533	646	212	573	305	461	408	333	310	472	446	249	274	390	392	461	441	230	247	277	274	381	388	447	470	275	354	213	289	288	512
Gene77	5900	3086	8083	3293	7320	4577	4451	5460	4259	6000	3922	5137	4473	5108	3683	5019	4320	3968	3016	4299	6238	5331	6168	5595	6256	3670	5915	4181	4653	4332	3162	5771	6526	4402	2836	3595	3485	4167	3161	2739	4855	3782	4234	3930	4030	4378	6170	4823	4616	3653	3823	4608	5692	5771	5686	6177	3761	5279	4707	5205	5179	7086	4416	6663	7420	3375	6118	3888	6096	5676	5385	5782	5547	6433	4174	4668	5872	7488	6278	4663	4590	3737	4316	4839	5161	4381	6124	4605	4288	6006	3501	5397	4578	6459
Gene78	50	52	26	12	42	24	26	9	32	15	25	46	16	29	18	39	23	27	12	38	38	35	49	45	63	46	49	28	26	32	21	32	35	101	75	107	51	84	43	54	87	48	50	91	63	41	80	46	74	110	61	59	75	67	28	32	30	35	34	40	15	29	35	22	32	20	42	29	28	44	24	31	33	47	20	24	44	30	21	24	25	7	19	16	14	27	34	16	36	17	23	33	24	42
Gene79	180	146	294	149	272	271	119	230	146	190	274	201	217	256	105	187	219	195	130	197	246	229	285	256	292	226	314	138	203	224	113	236	257	143	132	127	123	148	178	133	131	162	177	158	133	207	192	149	196	167	186	170	225	248	147	230	213	223	162	287	136	293	304	200	237	182	293	225	212	261	189	267	354	211	181	169	261	238	234	205	178	179	199	277	251	356	196	186	232	238	174	261	174	195
Gene80	25	77	40	25	22	32	13	21	11	18	51	34	17	22	18	11	17	15	25	27	29	36	35	26	34	30	32	15	37	19	19	49	29	20	18	10	23	21	20	13	29	11	28	22	14	31	44	12	9	16	21	27	13	7	40	22	9	28	47	37	14	28	19	41	22	16	38	26	21	34	32	23	30	32	9	32	16	25	21	17	14	17	21	39	39	10	22	19	13	12	20	19	34	22
Gene81	526	674	497	300	712	517	367	489	326	425	449	441	241	366	279	375	357	322	325	323	492	328	712	584	554	305	526	249	366	326	310	528	584	1212	1068	1543	1145	1601	1338	1090	1745	1856	1479	1517	1248	1199	1800	1273	1295	1388	1573	1840	1696	1861	524	343	415	467	390	539	310	404	493	517	521	304	542	358	418	559	487	418	583	401	394	476	325	456	556	349	372	229	276	370	402	328	460	377	447	492	361	424	387	588
Gene82	2	4	0	2	3	1	4	1	1	3	1	1	0	2	5	0	0	0	1	3	6	0	4	3	0	0	8	0	5	1	1	1	1	1	1	0	0	3	1	1	3	2	2	2	0	0	2	0	4	0	0	0	2	3	3	0	3	5	1	0	0	0	1	1	5	8	0	3	0	3	3	1	1	3	2	2	1	3	3	3	2	2	0	2	0	1	1	3	2	4	0	3	5	2
Gene83	6524	7720	10839	4636	9347	6368	4354	5747	6716	8792	7266	10654	6292	7273	5088	5409	9144	4446	4626	6612	5486	7174	10094	8902	8103	6082	9407	4769	6105	7287	3891	7118	7225	5326	4102	7370	4633	5337	5286	3691	7345	7712	5567	5585	4320	5714	7824	7477	5726	6145	5823	6014	7127	5770	11756	8384	5159	7976	5987	7647	6147	8012	8669	9263	12537	4365	8528	7028	6909	9377	8971	6899	8313	7976	6228	5671	6678	8805	10409	6207	6780	4381	6159	6407	8653	9938	6825	9450	8675	8478	6092	6021	6621	11546
Gene84	3	10	6	9	21	1	6	7	4	7	5	4	6	3	3	9	1	1	2	6	9	5	9	3	3	2	10	0	13	7	5	10	7	4	9	1	9	1	10	0	1	0	0	2	0	3	3	5	3	2	4	2	1	7	5	6	9	9	9	1	1	29	5	11	27	8	0	17	3	11	18	4	16	4	7	2	12	12	5	9	12	6	5	7	13	11	17	13	8	10	5	15	3	14
Gene85	8237	9581	12397	6601	10457	8140	6452	12437	7330	9984	9209	9286	5914	10386	7513	7214	9545	8872	5662	7880	10543	9216	10836	12572	12919	10076	12210	7521	7403	7146	7243	13065	10070	7916	4704	7697	5299	9598	6063	5531	7766	9542	6976	8212	6223	7060	9818	8911	6473	6177	7275	7791	8501	9755	1694	1337	1120	1405	1096	1515	1186	1601	1578	1978	1765	956	1480	1124	1178	1625	1538	1824	2028	2078	1202	1632	1388	1416	1687	1348	1234	951	1284	1520	1632	1445	1396	1518	1408	1210	1009	1372	1002	2398
Gene86	30	33	66	12	42	47	19	46	25	30	27	24	26	30	37	42	24	26	23	38	19	28	30	34	32	25	34	11	16	43	16	47	38	26	23	20	7	31	23	36	36	17	19	31	25	12	29	30	23	24	34	35	28	38	90	57	56	81	56	53	54	124	63	121	79	49	88	40	53	46	42	47	71	65	42	92	82	48	81	62	62	31	51	56	56	80	29	55	65	67	32	74	48	104
Gene87	62	52	56	33	85	66	56	118	93	126	102	142	78	147	117	95	101	64	67	76	143	158	204	134	219	84	190	76	96	106	88	116	116	59	41	69	32	58	56	39	54	35	39	44	51	36	98	38	49	43	45	39	108	49	56	58	46	59	30	65	70	84	57	63	75	54	68	58	50	85	63	53	90	64	50	47	52	68	94	40	63	24	44	48	53	76	68	48	35	88	38	66	68	114
Gene88	52	46	34	22	57	31	20	48	42	49	23	30	33	53	50	23	41	43	19	25	54	29	55	24	55	37	62	27	31	46	29	38	29	28	16	24	11	42	29	14	46	37	14	33	20	18	50	37	32	17	36	25	49	50	37	46	33	32	37	29	30	30	70	47	67	20	28	45	42	47	59	34	47	27	25	20	26	45	47	38	31	39	30	46	43	36	21	30	56	40	32	36	47	48
Gene89	3918	3487	4726	2557	4955	3715	2157	3926	3251	3568	3955	3731	3202	3993	2694	3262	3262	3212	2873	2618	3797	3431	5029	4826	4453	3720	3821	2702	2481	3527	3080	3948	4504	3077	2370	1948	2365	2875	2668	2091	3786	3371	2604	2805	1819	2532	3934	3039	2726	2890	2554	3548	3807	3082	4461	3813	3049	3310	3458	3178	3028	5047	3651	5146	5190	3096	4768	3290	3723	4363	3702	3950	4770	4283	3522	3398	2882	3943	3575	2961	3337	2233	3205	4012	3020	3338	4350	3624	3097	4466	2893	3418	3018	4333
Gene90	62	90	73	68	121	47	74	74	61	68	81	80	45	55	96	75	61	30	42	65	79	47	90	123	184	104	81	61	42	109	90	105	85	97	38	36	54	56	61	50	85	65	30	35	69	52	74	59	44	81	50	40	81	98	94	84	62	85	94	98	83	131	76	99	126	42	137	59	66	97	86	110	76	74	71	120	74	90	100	87	92	59	63	86	67	68	119	97	61	106	75	160	40	128
Gene91	246	288	284	147	237	193	141	224	147	147	220	168	174	230	114	186	262	174	178	177	244	218	334	301	243	278	211	196	237	176	208	216	255	193	103	120	210	229	172	122	150	194	182	131	171	171	248	169	119	210	222	204	160	155	250	214	180	203	159	225	165	361	259	270	280	135	197	231	188	273	289	219	347	323	170	233	190	258	279	269	123	135	207	203	244	188	248	275	265	166	144	180	172	281
Gene92	512	668	782	370	798	693	442	273	275	247	376	469	242	343	228	303	426	304	208	351	325	325	463	547	386	363	402	233	291	281	297	438	443	162	127	241	183	190	178	164	166	181	185	123	128	167	205	183	152	161	243	168	148	204	326	191	140	287	246	210	193	278	289	277	415	224	283	206	236	231	268	226	246	165	143	167	202	190	412	172	212	114	217	205	166	238	195	249	270	300	178	259	261	329
Gene93	154	100	142	81	137	147	96	214	164	222	276	319	144	196	185	188	220	191	165	247	218	256	315	310	392	221	330	158	209	273	231	228	411	359	199	248	234	282	230	210	378	411	263	239	326	257	342	372	263	285	391	313	395	351	292	277	174	316	186	218	244	298	311	348	329	119	310	172	217	202	245	275	229	311	171	256	161	357	309	202	206	186	170	170	209	299	202	283	240	363	222	261	209	360
Gene94	20	50	40	23	60	41	18	39	32	15	55	17	31	27	10	30	22	29	5	20	27	42	21	19	75	36	63	13	24	25	8	35	24	9	16	41	11	26	9	5	22	20	11	35	8	35	31	21	23	15	47	18	18	36	18	34	26	32	13	31	35	34	32	45	40	5	19	20	38	25	33	9	45	29	9	27	21	22	51	33	31	5	37	31	27	56	29	42	25	44	13	14	23	42
Gene95	464	466	451	283	503	376	343	360	264	323	357	413	257	303	345	315	459	264	257	288	363	454	655	382	384	420	420	211	408	369	218	321	430	222	212	303	231	359	269	271	303	308	285	281	256	291	264	314	343	378	237	289	344	293	363	318	300	317	331	318	292	421	337	599	551	228	462	271	376	567	437	335	535	322	278	342	335	394	359	255	397	280	286	386	383	319	428	318	353	365	211	260	351	447
Gene96	36	41	54	31	45	34	24	57	30	41	52	44	20	40	32	40	45	41	23	34	45	29	39	59	72	70	72	28	40	37	47	43	77	28	19	37	20	31	18	37	39	33	37	22	33	12	65	24	17	40	29	29	39	38	63	68	26	31	42	37	34	45	60	32	69	37	49	35	41	48	47	34	37	46	38	69	42	50	55	51	14	31	43	58	35	65	60	37	38	36	26	31	34	80
Gene97	0	1	4	3	7	3	0	0	1	2	4	6	2	4	2	1	2	1	0	2	4	1	2	0	3	2	2	8	1	1	2	5	3	3	3	1	1	4	6	1	0	1	5	3	10	2	1	0	0	2	4	0	1	4	35	19	10	8	28	27	7	25	26	22	12	20	31	11	14	31	11	16	43	12	12	20	27	17	21	30	15	27	22	20	19	13	20	24	17	18	6	8	14	11
Gene98	935	636	894	383	804	648	426	550	501	626	726	808	393	498	373	567	626	513	457	486	646	565	823	805	921	578	847	414	571	617	549	595	664	401	351	383	361	497	357	429	719	513	516	542	347	478	724	456	445	669	516	588	571	676	1075	1211	578	825	833	791	503	1085	880	1366	1373	584	1076	882	861	1170	955	814	1276	883	717	715	711	848	867	730	581	558	569	821	829	784	786	957	814	629	587	937	745	1131
Gene99	355	340	464	314	412	359	182	355	289	249	318	420	201	346	294	365	303	295	231	314	445	319	473	439	471	348	380	289	284	393	326	375	399	357	215	274	181	282	223	146	362	298	369	263	208	212	368	245	199	302	244	319	372	314	394	424	288	235	393	312	381	420	402	378	457	255	426	252	412	469	336	250	352	367	377	309	316	406	383	310	438	184	261	338	283	317	395	371	397	344	288	307	418	522
Gene100	316	343	346	264	535	370	241	342	342	304	392	316	219	406	225	276	360	204	205	317	340	312	514	475	464	393	411	266	359	340	246	366	407	261	169	266	273	346	261	223	317	243	296	286	197	220	410	224	242	299	220	202	314	296	485	412	309	298	379	402	282	368	360	446	551	221	494	233	416	437	350	422	371	274	308	274	484	491	366	353	219	187	292	230	425	315	318	413	350	488	298	383	339	541
